fp64
 64 16777216 59569.12 61269.999 157845.02 13.605013626657339 35.04951335155073 36.05028323399775 0.8503133516660837 2.1905945844719206 2.2531427021248596
 72 8388608 32341.003 32408.953 96614.122 12.502929457869524 37.27240284497928 37.35071395281092 0.7814330911168452 2.329525177811205 2.3344196220506825
 80 8388608 35191.059 35681.963 111476.898 12.039958987735737 37.61500677527186 38.13972407025318 0.7524974367334836 2.350937923454491 2.3837327543908238
 88 8388608 38596.153 38873.911 128508.091 11.488731927392806 37.97907053910784 38.252387692628325 0.7180457454620504 2.37369190869424 2.3907742307892703
 96 8388608 42085.886 42679.787 145298.958 11.084819589690381 37.737131537230965 38.269664466610024 0.6928012243556488 2.3585707210769353 2.3918540291631265
 104 8388608 46046.972 46508.789 160865.068 10.846546647405141 37.516144830173936 37.89240395655115 0.6779091654628213 2.344759051885871 2.368275247284447
 112 8388608 49137.115 49525.023 176357.985 10.654738383408043 37.94138958804724 38.24091406261845 0.6659211489630027 2.3713368492529523 2.390057128913653
 120 8388608 52621.126 52896.023 193949.223 10.380376311175011 38.06081829630178 38.25965107626165 0.6487735194484382 2.3788011435188614 2.391228192266353
 128 8388608 44383.049 44525.862 59432.983 36.132859897003655 48.23002972968833 48.38522130374594 2.2583037435627284 3.014376858105521 3.0240763314841215
 136 4194304 24539.232 24597.883 32109.022 35.53053369236846 46.38003555021381 46.490888060392436 2.2206583557730286 2.8987522218883632 2.9056805037745272
 144 4194304 26879.072 28016.09 33361.912 36.20774348904224 43.11663590458197 44.940522946625535 2.26298396806514 2.694789744036373 2.808782684164096
 152 4194304 28040.171 28110.027 39145.947 32.57216937426498 45.35991431100369 45.47291869225762 2.0357605858915613 2.8349946444377307 2.8420574182661014
 160 4194304 29240.131 29342.175 47955.99 27.9876878779898 45.742255984772775 45.90189011123103 1.7492304923743625 2.8588909990482985 2.8688681319519396
 176 4194304 32703.876 32846.928 65294.027 22.61148646873932 44.947734777511 45.144343379971225 1.4132179042962074 2.8092334235944376 2.8215214612482016
 192 4194304 33984.9 34392.834 54957.867 29.306318165513957 46.82989299456973 47.39201045170061 1.8316448853446223 2.9268683121606083 2.962000653231288
 208 4194304 39727.926 39802.79 71341.991 24.457271791026972 43.836888419128414 43.919495419922 1.5285794869391858 2.739805526195526 2.744968463745125
 224 4194304 42068.958 43057.919 87141.037 21.563298495059225 43.64001409357475 44.665907627186776 1.3477061559412016 2.727500880848422 2.7916192266991735
 240 4194304 45552.015 46006.918 103929.043 19.37154294781681 43.760069300882094 44.1970771216158 1.2107214342385506 2.735004331305131 2.7623173201009874
 264 2097152 20523.787 20582.199 25290.966 43.782283998167564 53.79873433348885 53.951848944836534 2.7363927498854728 3.3624208958430533 3.3719905590522834
 288 2097152 22810.936 22844.076 33874.989 35.65933414768046 52.878459693445244 52.955282150631604 2.228708384230029 3.3049037308403277 3.3097051344144752
 312 2097152 25785.923 26078.939 47493.935 27.55347283816344 50.179297861772675 50.749505767158304 1.722092052385215 3.136206116360792 3.171844110447394
 336 2097152 28059.959 28162.956 44729.948 31.506545547515504 50.040419904785566 50.22409847427076 1.969159096719719 3.127526244049098 3.1390061546419226
 368 2097152 30390.024 30434.847 61624.05 25.04710209731428 50.71501992436499 50.78982076486679 1.5654438810821425 3.1696887452728117 3.1743637978041743
 400 2097152 29921.055 29964.209 39338.112 42.64875752044226 55.99085228647284 56.07160576390103 2.6655473450276412 3.4994282679045523 3.5044753602438146
 440 2097152 34344.912 34964.085 59040.07 31.258326082607965 52.7825555852527 53.73412399484384 1.9536453801629978 3.298909724078294 3.35838274967774
 480 2097152 37539.959 37678.957 64315.081 31.30317009163061 53.43210322939671 53.629944561207424 1.956448130726913 3.3395064518372943 3.351871535075464
 528 1048576 19439.936 19492.865 25918.007 42.72304795658092 56.80520826466503 56.959871472827885 2.6701904972863075 3.5503255165415646 3.559991967051743
 576 1048576 20872.116 21079.063 31198.025 38.71910327656959 57.306131301946394 57.8743215110533 2.4199439547855994 3.5816332063716496 3.6171450944408314
 632 1048576 24396.896 24573.088 44443.13 29.822383436990155 53.93705764615339 54.32658580829299 1.8638989648118847 3.371066102884587 3.395411613018312
 688 1048576 25801.897 26386.023 39330.959 36.684601969659575 54.68200251322452 55.91994170041063 2.2927876231037234 3.4176251570765324 3.4949963562756645
 752 1048576 28700.829 28780.937 48842.192 32.288851900831965 54.795238389910644 54.94817951077301 2.018053243801998 3.4247023993694152 3.434261219423313
 824 1048576 31108.141 31208.038 47565.937 36.32963748827233 55.37205664771364 55.54987191295037 2.270602343017021 3.4607535404821026 3.4718669945593983
 904 1048576 33304.93 33448.935 42526.96 44.579377599527454 56.678199410534305 56.92326655543188 2.786211099970466 3.542387463158394 3.5577041597144925
 992 1048576 36986.113 37287.951 55927.992 37.19738023135177 55.79214540375254 56.24745655213891 2.3248362644594858 3.487009087734534 3.5154660345086817
 1088 524288 19974.947 20000.935 28023.958 40.70983434959473 57.03986778618099 57.114078350245435 2.5443646468496706 3.564991736636312 3.5696298968903397
 1192 524288 22060.156 22168.875 30583.143 40.86900394769759 56.380966196976615 56.65882834192107 2.5543127467310995 3.5238103873110385 3.541176771370067
 1304 524288 24019.003 24027.109 32518.864 42.047689734795156 56.90834898197698 56.92755457002107 2.6279806084246973 3.556771811373561 3.557972160626317
 1432 524288 26306.868 27573.109 42521.954 35.312601862087526 54.45743648277022 57.07866219574296 2.2070376163804704 3.4035897801731387 3.567416387233935
 1568 524288 28855.801 28978.109 38956.881 42.204794783237396 56.73824913834095 56.97873949158438 2.6377996739523373 3.546140571146309 3.5611712182240236
 1720 524288 31972.17 33458.948 44601.917 40.436618901380406 53.903389909330095 56.410019088476005 2.5272886813362754 3.368961869333131 3.5256261930297503
 1888 524288 34930.944 34966.946 49885.988 39.68472044695196 56.616654139598 56.675006779089614 2.4802950279344973 3.538540883724875 3.542187923693101
 2072 262144 19000.053 19050.837 24780.989 43.83702103253425 57.022415130631785 57.174826617588906 2.739813814533391 3.5639009456644866 3.5734266635993066
 2272 262144 20989.895 21009.922 29448.032 40.4503206190485 56.696180785440326 56.75027607332004 2.528145038690531 3.5435112990900204 3.5468922545825023
 2496 262144 22799.969 22918.94 30707.121 42.61626637026636 57.09787834864963 57.395816985540634 2.6635166481416475 3.568617396790602 3.5872385615962896
 2744 262144 25383.949 25448.084 34651.995 41.51698255756991 56.532596795892374 56.675431864443155 2.5948114098481194 3.5332872997432734 3.542214491527697
 3016 262144 27595.997 27740.955 36606.073 43.196455626365605 57.0006550964089 57.300071745913 2.6997784766478503 3.562540943525556 3.5812544841195626
 3312 262144 30514.956 30883.074 42168.14 41.179000449154266 56.22632824698733 56.90461608399501 2.5736875280721416 3.514145515436708 3.556538505249688
 3640 262144 33513.784 33551.931 45237.064 42.186829808406664 56.879239528717434 56.94398221340807 2.6366768630254165 3.5549524705448396 3.5589988883380044
 4000 262144 36771.059 36870.956 47522.068 44.13006605688961 56.87815634614953 57.032678879332785 2.7581291285556007 3.5548847716343457 3.564542429958299
 4400 131072 20949.841 21252.155 27709.007 41.6266667369206 54.27372424114167 55.05691427443292 2.6016666710575374 3.3921077650713545 3.4410571421520575
 4840 131072 22264.004 22284.985 30156.851 42.072594383279615 56.93416262115501 56.987815848398164 2.629537148954976 3.558385163822188 3.5617384905248852
 5320 131072 24373.055 24513.96 32760.143 42.57020734005954 56.89028129278175 57.21917420692645 2.660637958753721 3.5556425807988594 3.5761983879329033
 5848 131072 26868.105 26883.841 35161.972 43.598752424920875 57.02377543447009 57.057172882121755 2.7249220265575547 3.5639859646543806 3.5660733051326097
 6432 131072 29466.152 29843.092 38395.166 43.91464821378817 56.49917937457687 57.221934102559445 2.7446655133617606 3.5311987109110543 3.5763708814099653
 7072 131072 32452.106 32520.056 41759.968 44.39376888411409 57.0073547228824 57.12671984986121 2.7746105552571305 3.56295967018015 3.5704199906163256
 7776 131072 35660.982 35721.064 47441.959 42.96685438305783 57.065258302496254 57.161402453807916 2.6854283989411143 3.566578643906016 3.5725876533629948
 8552 65536 19609.928 19624.949 25670.052 43.666750032294445 57.11748570658706 57.161237103981215 2.729171877018403 3.5698428566616913 3.572577318998826
 9400 65536 21898.985 21917.105 28539.896 43.17033250576666 56.21530763301084 56.26182218034306 2.698145781610416 3.5134567270631774 3.5163638862714413
 10336 65536 24150.133 24194.956 31697.989 42.73962591128415 55.99349682636333 56.09742157527663 2.6712266194552594 3.499593551647708 3.506088848454789
 11368 65536 26026.964 26078.939 34044.981 43.766407036620166 57.13524219677802 57.24933941584582 2.7354004397887604 3.5709526372986264 3.5780837134903636
 12504 65536 29096.127 29237.032 37698.03 43.47506455907643 56.05645224180074 56.327919107584314 2.717191534942277 3.5035282651125463 3.5204949442240197
 13752 65536 31821.966 31931.877 41470.051 43.46515378049571 56.448361742092395 56.64333071061668 2.716572111280982 3.5280226088807747 3.5402081694135425
 15120 65536 35046.101 35160.78 44416.904 44.61834260217686 56.36418304713377 56.548619773708914 2.7886464126360537 3.5227614404458607 3.534288735856807
 16632 32768 19259.93 19292.116 25331.974 43.028417445872954 56.49949191680165 56.59391036208334 2.6892760903670596 3.5312182448001033 3.537119397630209
 18288 32768 21125.078 21184.921 27606.01 43.41526964599375 56.57431377723806 56.73457716937186 2.7134543528746096 3.535894611077379 3.5459110730857413
 20112 32768 23263.931 23638.964 29645.92 44.46008192695656 55.75794404526358 56.656806280933345 2.778755120434785 3.4848715028289736 3.541050392558334
 22120 32768 25565.863 25596.142 33257.961 43.58825004335052 56.63573518227865 56.70281187065737 2.7242656277094075 3.5397334488924157 3.5439257419160857
 24328 32768 27985.096 28084.993 35593.987 44.79295359634761 56.76910113525754 56.97174696131112 2.7995595997717255 3.5480688209535964 3.560734185081945
 26760 32768 30753.851 30838.966 39204.836 44.73283244954781 56.86777436052817 57.02516279993683 2.795802028096738 3.554235897533011 3.564072674996052
 29432 32768 33887.863 33977.985 43691.158 44.14750352920378 56.76780279937141 56.91877212794445 2.7592189705752364 3.547987674960713 3.557423257996528
 32368 32768 37330.866 37671.089 48398.018 43.82967186796782 56.31027146573862 56.823467422373746 2.7393544917479886 3.519391966608664 3.551466713898359
 35600 16384 21057.129 21511.078 27004.004 43.19880859149628 54.22976942392194 55.39885328147061 2.6999255369685176 3.389360588995121 3.462428330091913
 39160 16384 23561.954 23709.059 30184.984 42.51103396311225 54.12255627690664 54.46046113153433 2.6569396226945154 3.382659767306665 3.4037788207208957
 43072 16384 26257.992 26726.007 32943.964 42.84193899677646 52.80935891395971 53.75061794519551 2.677621187298529 3.300584932122482 3.3594136215747192
 47376 16384 28333.902 28860.807 36568.88 42.451854363600965 53.789790701278726 54.79008037791618 2.6532408977250603 3.3618619188299204 3.4243800236197615
 52112 16384 31724.93 32042.98 39735.079 42.974773398588184 53.291111376033065 53.825367494900696 2.6859233374117615 3.3306944610020666 3.3640854684312935
 57320 16384 34234.047 34410.0 44382.095 42.32025910448797 54.58476489392618 54.865314638377406 2.645016194030498 3.411547805870386 3.429082164898588
 63048 16384 38105.965 38392.067 48198.938 42.86312001314219 53.81207695850291 54.21610144238573 2.678945000821387 3.3632548099064317 3.388506340149108
 69352 8192 20660.162 20725.965 27024.031 42.04639818537804 54.82317315502559 54.9977859805746 2.6278998865861274 3.4264483221890996 3.4373616237859124
 76280 8192 23083.925 23185.968 29232.025 42.753504760617844 53.90206352393827 54.14033878554015 2.6720940475386152 3.3688789702461417 3.3837711740962595
 83904 8192 25129.08 25802.135 32335.043 42.513725310339005 53.27788324493304 54.704873238495 2.657107831896188 3.329867702808315 3.4190545774059373
 92288 8192 28025.866 28337.955 35297.871 42.83676463093199 53.357646732094814 53.95182407565924 2.6772977894332493 3.334852920755926 3.3719890047287024
 101512 8192 30817.986 30939.102 38671.97 43.00718603163997 53.756331001462165 53.9675956761094 2.687949126977498 3.3597706875913853 3.3729747297568373
 111656 8192 33318.996 33864.021 43184.042 42.36222037761079 54.02110706227119 54.904772760859906 2.6476387736006743 3.3763191913919495 3.431548297553744
 122816 8192 37216.187 37277.937 47393.084 42.458037632663874 53.97877420094358 54.06833709213682 2.653627352041492 3.373673387558974 3.3792710682585514
 135096 4096 19955.158 20256.996 26080.132 42.43484779908322 54.6332946898938 55.459667720997246 2.6521779874427014 3.4145809181183626 3.466229232562328
 148600 4096 22511.959 22922.993 28548.956 42.640130167982335 53.10524677122224 54.07486749598292 2.665008135498896 3.31907792320139 3.3796792184989326
 163456 4096 24753.809 25285.959 31115.055 43.034844450700795 52.95553757719848 54.09395992350106 2.6896777781687997 3.309721098574905 3.3808724952188163
 179800 4096 27256.012 28301.001 34573.078 42.603137620549724 52.04485876665635 54.040246239985514 2.6626961012843577 3.2528036729160217 3.3775153899990946
 197776 4096 29984.951 30104.16 37624.836 43.0614765204558 53.81917289836355 54.03313788973676 2.6913422825284874 3.3636983061477217 3.3770711181085473
 217552 4096 32788.038 33281.803 41764.021 42.67275854496865 53.548360465927885 54.35476145294208 2.6670474090605407 3.346772529120493 3.39717259080888
 239304 4096 36308.05 40525.913 45687.914 42.90802963777248 48.37345349875276 53.99294007802677 2.68175185236078 3.0233408436720475 3.374558754876673
 263232 2048 20613.909 21168.947 25483.847 42.30908590841877 50.93301390947788 52.304406311292055 2.6443178692761733 3.1833133693423674 3.2690253944557535
 289552 2048 23312.092 24388.075 29352.188 40.40601647822643 48.63052914180393 50.87509915455035 2.5253760298891517 3.039408071362746 3.1796936971593968
 318504 2048 27024.031 27382.135 34044.027 38.320742255315444 47.6439249167386 48.27526966646833 2.3950463909572153 2.9777453072961624 3.017204354154271
 350352 2048 31155.109 31353.951 38307.905 37.46072232349955 45.76908957981085 46.06120273885095 2.341295145218722 2.8605680987381783 2.8788251711781845
 385384 2048 33870.935 34981.012 42293.072 37.32367476167255 45.125420156512334 46.604348654679896 2.3327296726045343 2.820338759782021 2.9127717909174935
 423920 2048 38069.963 38969.04 46394.825 37.426077585161714 44.557841814938214 45.61013941621114 2.339129849072607 2.7848651134336384 2.8506337135131963
 466312 2048 42766.094 43547.869 129072.905 14.797946571358258 43.86010144376984 44.66187517616175 0.9248716607098911 2.741256340235615 2.7913671985101094
 512936 2048 47708.988 48055.887 56609.154 37.11388896573158 43.719635348734684 44.037527184605125 2.319618060358224 2.7324772092959178 2.7523454490378203
 564224 1024 26276.827 26780.844 34134.865 33.8519209611639 43.14766002146907 43.97527722810672 2.1157450600727437 2.696728751341817 2.74845482675667
 620640 1024 28517.962 28872.013 35637.14 35.667023784736934 44.02431932958745 44.5708820286667 2.2291889865460583 2.7515199580992156 2.785680126791669
 682704 1024 31337.976 31958.818 38388.014 36.42224867376572 43.749358690299495 44.61608471459676 2.2763905421103576 2.7343349181437184 2.7885052946622975
 750968 1024 34995.079 35207.987 42207.956 36.43821235977407 43.68277186650858 43.94853527834585 2.2773882724858794 2.7301732416567863 2.7467834548966157
 826064 1024 37920.952 39127.827 46818.972 36.134477108980526 43.23723553572245 44.613306965500236 2.258404819311283 2.702327220982653 2.7883316853437647
 908664 1024 41465.044 42449.951 50971.031 36.509833830906814 43.838539931412406 44.87982388249727 2.281864614431676 2.7399087457132754 2.8049889926560794
 999528 1024 46775.103 47108.889 56076.05 36.504592317040874 43.45322904982964 43.76331023792721 2.2815370198150546 2.7158268156143524 2.7352068898704505
 1099480 512 25137.186 25728.941 36952.972 30.46757700571418 43.758797534651734 44.7889242654289 1.9042235628571362 2.7349248459157334 2.7993077665893065
 1209424 512 27815.104 28373.003 34282.923 36.124404444743526 43.64889313972159 44.524376971590684 2.2577752777964704 2.728055821232599 2.7827735607244177
 1330360 512 30561.924 30745.983 100188.971 13.597191650965256 44.30785771266445 44.57470151421095 0.8498244781853285 2.769241107041528 2.7859188446381844
 1463392 512 33472.061 38419.962 42093.992 35.5992229960038 39.003510935278904 44.76908093588858 2.2249514372502377 2.4377194334549315 2.7980675584930363
 1609728 512 36984.205 37713.051 44757.843 36.828438582261434 43.707985121649266 44.56933634236561 2.3017774113913396 2.731749070103079 2.7855835213978506
 1770696 512 40842.056 41237.831 49467.087 36.65452756496456 43.969157931705965 44.395235734459604 2.290907972810285 2.748072370731623 2.7747022334037252
 1947760 512 44888.02 45308.828 54892.063 36.33505703729881 44.02025671465172 44.43292976611578 2.2709410648311756 2.7512660446657327 2.777058110382236
 2142536 256 25110.006 25367.022 29983.997 36.585463639153915 43.24427329309684 43.6869044157138 2.2865914774471197 2.7027670808185524 2.7304315259821124
 2356784 256 27271.032 27374.983 33154.011 36.396000713156546 44.079421273065265 44.24744204766434 2.274750044572284 2.754963829566579 2.7654651279790214
 2592456 256 30303.955 30769.11 36442.041 36.42324731482521 43.138637159150846 43.80079999458816 2.2764529571765757 2.696164822446928 2.73754999966176
 2851696 256 32572.985 34085.989 44028.997 33.16151744269805 42.834853698978776 44.82451798630061 2.072594840168628 2.6771783561861735 2.8015323741437883
 3136864 256 37415.028 38241.148 56036.949 28.660988805796688 41.99859188327714 42.925916506062755 1.791311800362293 2.6249119927048215 2.682869781628922
 3450544 256 41080.952 44153.929 51223.04 34.4899195362087 40.01180796390736 43.004809820376124 2.155619971013044 2.50073799774421 2.6878006137735078
 3795592 256 48341.99 49922.228 59650.898 32.578606008580124 38.927411332683306 40.199898762959485 2.0361628755362577 2.4329632082927066 2.512493672684968
 4175144 256 55068.016 59155.941 65067.053 32.853397064102474 36.136247549506486 38.818789621910476 2.0533373165064046 2.2585154718441554 2.4261743513694047
 4592656 128 32080.173 32112.122 37867.069 31.048612080327626 36.6129630424299 36.64942629829334 1.9405382550204766 2.2883101901518685 2.290589143643334
 5051920 128 37099.123 38632.154 49379.826 26.19068605061508 33.47707508103224 34.86043376281429 1.6369178781634426 2.092317192564515 2.178777110175893
 5557112 128 41236.877 41550.875 47889.948 29.706039188014994 34.23804365130698 34.498749068703724 1.8566274492509371 2.1398777282066863 2.1561718167939827
 6112816 128 45785.904 47071.934 57461.977 27.233328501732547 33.24445721733039 34.17822428492402 1.7020830313582842 2.0777785760831495 2.1361390178077513
 6724096 128 53006.887 53348.064 61869.144 27.822731408729364 32.266748724002426 32.474432539303805 1.7389207130455853 2.0166717952501516 2.029652033706488
 7396504 128 59045.076 60062.885 68614.96 27.59609601171523 31.525375845665753 32.068804924563054 1.7247560007322018 1.9703359903541096 2.004300307785191
 8136152 128 67098.856 67429.066 88051.081 23.65507485365228 30.88957085657986 31.04158604432839 1.4784421783532675 1.9305981785362412 1.9400991277705244
 8949760 64 36995.888 37095.07 42616.844 26.8806690612754 30.88198189139419 30.96477316614214 1.6800418163297124 1.9301238682121369 1.9352983228838838
 9844736 64 40468.931 41303.873 46880.007 26.879821242347514 30.508669441241018 31.138114520494746 1.6799888276467196 1.9067918400775636 1.9461321575309216
 10829208 64 45753.002 46053.171 51538.944 26.894975263753945 30.098657571266912 30.29612404449439 1.6809359539846216 1.881166098204182 1.8935077527808994
 11912128 64 49599.171 50446.033 56994.2 26.752764035638716 30.225417011482346 30.74148928819798 1.6720477522274197 1.8890885632176466 1.9213430805123737
 13103336 64 54536.104 55658.102 71489.096 23.461298321634953 30.134462867598323 30.754433943429476 1.4663311451021845 1.8834039292248952 1.9221521214643422
 14413664 64 60431.957 60877.085 68885.088 26.782995355976027 30.306132299205853 30.529360351510707 1.6739372097485017 1.8941332687003658 1.9080850219694192
 15855024 64 67469.12 67615.032 76157.093 26.648116308746186 30.014672950239817 30.079584141604336 1.6655072692966366 1.8759170593899885 1.879974008850271
 17440520 32 36730.051 37513.018 41932.106 26.619060821796076 29.754824845071123 30.389102372877186 1.6636913013622547 1.8596765528169452 1.8993188983048241
 19184568 32 41044.95 41136.026 46137.094 26.612260234682314 29.847617074143233 29.913846940975688 1.6632662646676446 1.865476067133952 1.8696154338109805
 21103024 32 44281.96 45079.947 51036.119 26.46348434135441 29.959962818944753 30.499858994497984 1.6539677713346506 1.872497676184047 1.906241187156124
 23213320 32 49082.041 49678.087 55929.899 26.562759929174913 29.905589561047307 30.268759198501954 1.660172495573432 1.8690993475654567 1.891797449906372
 25534648 32 54445.028 54833.889 61702.967 26.485233230356656 29.80305613559527 30.01591756000199 1.655327076897291 1.8626910084747044 1.8759948475001245
 28088112 32 60338.974 60590.982 68125.01 26.387360060570998 29.66842768780344 29.79233899469354 1.6492100037856874 1.854276730487715 1.8620211871683463
 30896920 32 65196.991 66541.195 76659.918 25.794482065582173 29.716972771528972 30.329664754006824 1.6121551290988858 1.8573107982205608 1.8956040471254265
 33986608 16 35977.84 36666.155 40900.946 26.59037411995312 29.661453621193715 30.22892580544024 1.66189838249707 1.8538408513246072 1.889307862840015
 37385264 16 40421.009 40971.041 45705.795 26.174546313000356 29.199366645333715 29.596699280812114 1.6359091445625222 1.8249604153333572 1.8497937050507571
 41123784 16 44395.924 44705.153 50577.164 26.018878559501676 29.43645194548378 29.64148438491786 1.6261799099688548 1.8397782465927361 1.8525927740573662
 45236160 16 50165.892 50191.879 55907.965 25.891786975254778 28.84046480905805 28.855404783792142 1.6182366859534236 1.8025290505661282 1.803462798987009
 49759776 16 55855.989 56784.868 64396.858 24.726560913888065 28.041147018251408 28.507468232278544 1.545410057118004 1.752571688640713 1.781716764517409
 54735752 16 65730.095 66430.092 73333.979 23.884481489815244 26.36672645282502 26.64752065244999 1.4927800931134527 1.6479204033015638 1.6654700407781244
 60209320 16 77024.937 77830.076 85085.869 22.64416245193429 24.755188983754813 25.0139541172231 1.415260153245893 1.5471993114846758 1.5633721323264438
 66230248 16 87423.086 91573.0 99395.99 21.322469206252688 23.14402647068459 24.242657551576254 1.332654325390793 1.4465016544177869 1.515166096973516
 72853272 8 52519.083 55038.929 58931.112 19.779914419398704 21.178688851303775 22.194834437608133 1.236244651212419 1.323668053206486 1.3871771523505083
 80138592 8 60353.041 65787.077 111398.935 11.510141205568974 19.49041560244423 21.245283597225864 0.7193838253480609 1.2181509751527644 1.3278302248266165
 88152448 8 71007.013 77685.118 80042.839 17.621053745982195 18.155847661839168 19.86337839615926 1.1013158591238872 1.134740478864948 1.2414611497599537
 96967688 8 82509.995 91248.989 94630.957 16.395089484300577 17.002741893392376 18.803576560633655 1.024693092768786 1.0626713683370235 1.1752235350396034
 106664456 8 95074.892 104861.975 105858.088 16.121879095341303 16.275025298731975 17.950389004912044 1.0076174434588314 1.0171890811707485 1.1218993128070027
 117330896 8 107072.115 118987.083 122049.093 15.381468963476854 15.777295221196406 17.532990134733023 0.9613418102173034 0.9860809513247754 1.095811883420814
 129063984 8 121500.969 133602.858 136065.006 15.176743857270694 15.45643390353221 16.99594464962662 0.9485464910794184 0.9660271189707631 1.0622465406016637
 141970376 4 67201.138 73980.093 74284.792 15.289307238014478 15.3522787271976 16.90094902857151 0.9555817023759049 0.95951742044985 1.0563093142857194
 156167408 4 74517.965 81516.027 81918.955 15.250917983511876 15.326302200670305 16.765611674983344 0.9531823739694922 0.9578938875418941 1.047850729686459
 171784144 4 82077.98 89309.216 89531.898 15.349536675744325 15.387808935642209 16.74350601708278 0.9593460422340203 0.961738058477638 1.0464691260676737
 188962552 4 90656.042 97923.994 98051.786 15.417367471511435 15.437487323076304 16.675120407308317 0.9635854669694647 0.964842957692269 1.0421950254567698
 207858800 4 99548.101 106881.857 106922.15 15.552160146424292 15.558023098344934 16.704190067874826 0.9720100091515183 0.9723764436465584 1.0440118792421766
 228644680 4 109471.083 116802.931 117758.036 15.533185692736927 15.66020154066168 16.709046716930718 0.9708241057960579 0.978762596291355 1.0443154198081699
 251509144 4 120690.823 127832.89 128127.813 15.703640801236498 15.739870638925554 16.671301943147743 0.9814775500772811 0.9837419149328471 1.041956371446734
 276660056 2 66259.146 69879.77 70226.908 15.758065612115518 15.836346112759099 16.701697664500536 0.9848791007572198 0.9897716320474437 1.0438561040312835
 304326056 2 72914.839 76560.02 76747.179 15.861224345457702 15.899998772205127 16.69487638860452 0.9913265215911063 0.9937499232628204 1.0434297742877825
 334758656 2 80284.119 84021.091 84366.083 15.871717358265881 15.93688689426801 16.678698610369008 0.9919823348916176 0.9960554308917506 1.042418663148063
 368234520 2 88509.083 92220.068 95054.865 15.495662215710896 15.971990825250748 16.641660155941285 0.968478888481931 0.9982494265781717 1.0401037597463303
 405057968 2 97088.099 101236.105 101690.054 15.93304171123756 16.00448646261134 16.688264459684188 0.9958151069523475 1.0002804039132087 1.0430165287302617
 445563760 2 108063.936 110955.0 111013.889 16.05434289397789 16.062863683475282 16.492597863546262 1.003396430873618 1.0039289802172051 1.0307873664716414
 490120136 2 117403.984 121439.934 121919.155 16.080168403398137 16.14362326646192 16.698586174043292 1.0050105252123835 1.00897645415387 1.0436616358777058
 539132144 1 65465.927 66688.061 67065.001 16.077898634490438 16.16877551740483 16.470618188909167 1.0048686646556524 1.0105484698378018 1.029413636806823
 593045352 1 70729.017 73158.026 73303.938 16.180450005291664 16.21272154062768 16.769506410643313 1.011278125330729 1.01329509628923 1.048094150665207
 652349880 1 77641.964 80396.891 81420.898 16.024138667691922 16.228236487403475 16.804054055098348 1.0015086667307451 1.0142647804627172 1.0502533784436467
 717584864 1 86236.954 88114.977 88659.048 16.187515661120116 16.28746640880358 16.642166280594743 1.0117197288200073 1.0179666505502238 1.0401353925371715
 789343344 1 94404.221 96784.115 96981.049 16.278300804933547 16.311423501676902 16.722628196889627 1.0173938003083467 1.0194639688548064 1.0451642623056017
 868277672 1 103960.991 106296.062 107552.052 16.146185142055682 16.33696781730258 16.703912951349224 1.0091365713784801 1.0210604885814112 1.0439945594593265
 955105432 1 114171.028 116564.989 116867.065 16.345159895989514 16.387518073715942 16.73113483746507 1.0215724934993446 1.0242198796072464 1.045695927341567
 1050615968 1 125643.969 128132.82 128637.075 16.334574896078756 16.398858122376453 16.723699137520878 1.0209109310049223 1.0249286326485283 1.0452311960950549
 
META_DATA
 FLOPS          1
 ERT_VERSION  1.1.0
 HOSTNAME  ('daniels-mbp-2.gha.chartermi.net', ['116.1.168.192.in-addr.arpa'], ['192.168.1.116'])
 UNAME  uname_result(system='Darwin', node='Daniels-MBP-2.gha.chartermi.net', release='21.6.0', version='Darwin Kernel Version 21.6.0: Mon Aug 22 20:17:10 PDT 2022; root:xnu-8020.140.49~2/RELEASE_X86_64', machine='x86_64', processor='i386')
 TIMESTAMP_DATA  1705795020.00078
 CONFIG  {'ERT_RESULTS': ['./'], 'ERT_DRIVER': ['driver1'], 'ERT_KERNEL': ['kernel1'], 'ERT_FLOPS': ['1-8'], 'ERT_ALIGN': ['32'], 'ERT_SPEC_GBYTES_L1': ['28.8'], 'ERT_SPEC_GBYTES_L2': ['115.2'], 'ERT_SPEC_GBYTES_L3': ['230.4'], 'ERT_CC': ['g++'], 'ERT_CFLAGS': ['-O3'], 'ERT_LD': ['g++'], 'ERT_LDFLAGS': [], 'ERT_LDLIBS': [], 'ERT_RUN': ['./ERT_CODE'], 'ERT_NUM_EXPERIMENTS': ['5'], 'ERT_MEMORY_MAX': ['1073741824'], 'ERT_WORKING_SET_MIN': ['8'], 'ERT_TRIALS_MIN': ['1'], 'ERT_GNUPLOT': ['gnuplot'], 'ERT_MPI': [False], 'ERT_OPENMP': [False], 'ERT_GPU': [False], 'ERT_HIP': [False], 'ERT_PRECISION': ['FP64'], 'ERT_OCL': [False], 'ERT_SYCL': [False], 'ERT_WSS_MULT': [1.1]}
 TIMESTAMP_DATA  1705795051.974706
 TIMESTAMP_DATA  1705795085.1820931
 TIMESTAMP_DATA  1705795121.477217
 TIMESTAMP_DATA  1705795153.3556302
 