fp64
 64 16777216 142127.037 142780.066 500991.106 4.28647060253401 15.040500457535861 15.109606823084619 1.3395220632918778 4.700156392979956 4.721752132213943
 72 8388608 76150.179 76246.977 321397.066 3.758464777024442 15.842720584187882 15.862858996037291 1.1745202428201382 4.950850182558714 4.957143436261654
 80 8388608 77898.026 80276.012 376568.794 3.564228638658784 16.719531109741723 17.22992672497247 1.11382144958087 5.2248534717942885 5.384352101553896
 88 8388608 81544.876 81735.849 429900.169 3.4342740814321475 18.063004496350185 18.105306923270074 1.0732106504475463 5.644688905109434 5.657908413521899
 96 8388608 89382.887 96445.084 483187.914 3.3333050958720793 16.699790898621643 18.019251671743383 1.0416578424600247 5.218684655819263 5.631016147419807
 104 8388608 96704.006 97847.939 523262.978 3.334519232889433 17.832061480620457 18.04300086596206 1.0420372602779477 5.5725192126938925 5.638437770613143
 112 8388608 103572.13 110995.054 573658.943 3.2755493746394886 16.92911642711575 18.142411399669005 1.0236091795748403 5.290348883473673 5.669503562396564
 120 8388608 110874.891 114439.964 624093.056 3.2259066186437426 17.59233269244999 18.157996836271973 1.0080958183261697 5.4976039663906215 5.674374011334992
 128 8388608 85922.956 88063.002 112614.87 19.06927253923039 24.385764727847917 24.993130450493346 5.959147668509496 7.620551477452473 7.81035326577917
 136 4194304 44355.869 44417.858 72221.041 15.796652501865765 25.684504822362214 25.720399886653105 4.9364539068330515 8.026407756988192 8.037624964579095
 144 4194304 45886.04 48518.896 108017.921 11.182955020954346 24.896682562604063 26.32520810250786 3.4946734440482334 7.780213300813769 8.226627532033707
 152 4194304 48010.111 49086.094 137333.155 9.284490813598508 25.97616375831412 26.55833093158231 2.9014033792495337 8.117551174473162 8.299478416119472
 160 4194304 50552.13 50899.029 164800.882 8.144236024173706 26.36940834372302 26.550360588169085 2.545073757554283 8.240440107413443 8.296987683802838
 176 4194304 57021.141 63000.917 211036.921 6.99590858795746 23.434500294654438 25.892063576910882 2.1862214337367063 7.323281342079513 8.091269867784652
 192 4194304 62607.05 64618.826 178078.175 9.044413982791548 24.924822001563445 25.72574072728231 2.8263793696223583 7.7890068754885755 8.039293977275722
 208 4194304 70087.91 72795.868 231523.037 7.536314686473294 23.968811856189422 24.894885066482935 2.3550983395229044 7.490253705059193 7.779651583275917
 224 4194304 77666.044 85467.1 294376.85 6.383138456709487 21.98563180451893 24.193947511991215 1.994730767721715 6.870509938912166 7.5606085974972554
 240 4194304 85673.094 113830.09 334348.917 6.021451895416188 17.686588142028175 23.499395504497596 1.8817037173175588 5.527058794383805 7.3435610951555
 264 2097152 37335.873 40474.176 68988.085 16.050543452539664 27.35809262676527 29.657703624607894 5.015794828918645 8.549403945864148 9.268032382689968
 288 2097152 43328.047 44399.977 113808.155 10.613998197229364 27.20631030957516 27.879390732751002 3.3168744366341762 8.501971971742238 8.71230960398469
 312 2097152 49303.055 62129.974 161149.979 8.120527573881967 21.062665308696246 26.542429226748727 2.537664866838115 6.582082908967578 8.294509133358979
 336 2097152 53392.172 56997.776 136929.035 10.29209140340469 24.725283035604757 26.39499558100015 3.2162785635639657 7.726650948626487 8.248436119062546
 368 2097152 60670.137 65641.88 193902.969 7.960186891207426 23.514010750453828 25.44091621220503 2.487558403502321 7.348128359516821 7.95028631631407
 400 2097152 56080.103 60149.908 104740.143 16.01794261441862 27.892338588448048 29.916521373008173 5.005607067005818 8.716355808890015 9.348912929065055
 440 2097152 65526.009 85864.067 199061.155 9.270988907906217 21.493202272843657 28.164293662383745 2.8971840337206927 6.716625710263643 8.80134176949492
 480 2097152 73079.109 73245.049 190163.851 10.587006465282405 27.486716815494248 27.549130627742052 3.3084395204007517 8.589599004841952 8.60910332116939
 528 1048576 36720.037 44262.886 65219.164 16.97808110511812 25.01635921345029 30.155096412348385 5.305650345349414 7.817612254203217 9.423467628858871
 576 1048576 41713.953 43676.853 81202.984 14.875802495139835 27.65674422559702 28.958165436874324 4.648688279731198 8.642732570499069 9.049426699023227
 632 1048576 48372.984 54033.995 130450.01 10.160214353375673 24.529003713310484 27.39959279750036 3.1750669854298974 7.665313660409525 8.562372749218863
 688 1048576 49466.133 52731.991 107126.951 13.468511541974157 27.361769366910497 29.16825085154726 4.208909856866924 8.550552927159531 9.115078391108518
 752 1048576 55828.81 64326.048 136436.939 11.558880722177443 24.516635997908654 28.24810888858279 3.6121502256804514 7.661448749346455 8.827534027682123
 824 1048576 59209.108 60767.889 129534.96 13.34043912160856 28.43694715147995 29.185598404894055 4.168887225502675 8.886545984837486 9.120499501529393
 904 1048576 61797.142 69575.071 98379.135 19.27060456467726 27.248630590689586 30.678205280108262 6.022063926461643 8.515197059590495 9.586939150033832
 992 1048576 70821.047 78599.93 158246.04 13.146457149891397 26.46789614189224 29.375092181283335 4.108267859341061 8.271217544341324 9.179716306651043
 1088 524288 38431.168 43318.987 71655.989 15.921218922817463 26.336042622603337 29.685558554972886 4.975380913380457 8.230013319563543 9.276737048429025
 1192 524288 43025.017 45400.143 77863.932 16.052394990789832 27.530807380937105 29.050600770244902 5.016373434621822 8.603377306542844 9.078312740701532
 1304 524288 45055.866 48642.159 77215.195 17.708212794126855 28.11024699787688 30.34772662010314 5.533816498164643 8.784452186836527 9.483664568782231
 1432 524288 49558.878 52892.923 85427.046 17.57711289700922 28.388690713878677 30.298523546073827 5.4928477803153815 8.871465848087087 9.468288608148072
 1568 524288 54195.881 55967.808 101097.107 16.263246464609516 29.37701558724616 30.33749313900811 5.082264520190473 9.180317371014423 9.480466605940034
 1720 524288 59360.027 62238.932 119172.096 15.134001838819717 28.977854568584178 30.383253026485313 4.729375574631162 9.055579552682556 9.494766570776662
 1888 524288 65654.993 67592.144 121618.986 16.277980544912616 29.289076671395417 30.153251071095227 5.086868920285193 9.152836459811068 9.42289095971726
 2072 262144 34790.993 34976.959 58604.956 18.536397092423375 31.058295719762253 31.224309579206317 5.792624091382306 9.705717412425706 9.757596743501976
 2272 262144 38863.897 39557.934 72191.954 16.500209095323836 30.112349547880836 30.650100168801913 5.156315342288698 9.410109233712761 9.578156302750598
 2496 262144 42499.065 45268.059 88039.875 14.863978941360378 28.90830481598515 30.791803254965725 4.644993419175118 9.033845254995361 9.62243851717679
 2744 262144 46802.044 46879.053 84088.802 17.10865463394282 30.68846702172077 30.738962426512824 5.346454573107131 9.590145944287741 9.605925758285258
 3016 262144 51230.907 51513.91 94533.92 16.726827873000506 30.695643332063124 30.865208144763084 5.227133710312659 9.592388541269726 9.645377545238462
 3312 262144 56829.214 67022.085 101328.85 17.13669755454641 25.90850248839617 30.55544382507208 5.355217985795753 8.096407027623805 9.548576195335025
 3640 262144 61259.985 61879.873 105540.037 18.082316192479635 30.840533884095073 31.152608346214905 5.650723810149886 9.63766683877971 9.735190108192157
 4000 262144 67440.033 68619.967 111485.958 18.81090710993397 30.561833409217463 31.096544688820067 5.8784084718543665 9.550572940380459 9.717670215256272
 4400 131072 36688.089 37398.815 61547.995 18.740392761778836 30.84144778384021 31.43891195859234 5.856372738055886 9.637952432450065 9.824659987060105
 4840 131072 41141.987 41592.121 70199.013 18.073999986296105 30.505223813904568 30.83898111192345 5.648124995717532 9.532882441845176 9.637181597476077
 5320 131072 44909.0 50513.983 72543.144 19.22450562661028 27.608317483101658 31.0540444008996 6.007658008315713 8.627599213469269 9.704388875281124
 5848 131072 49495.935 59794.903 81013.918 18.922898063021712 25.637939608330832 30.972606376665073 5.9134056446942855 8.011856127603386 9.678939492707837
 6432 131072 53969.145 57776.928 88437.08 19.06564766724546 29.18310589306514 31.242114508206498 5.958014896014205 9.119720591582855 9.763160783814529
 7072 131072 59462.07 67610.979 96652.031 19.180997531236567 27.41984209398891 31.17756189786195 5.994061728511427 8.568700654371533 9.742988093081859
 7776 131072 65718.889 65980.196 106971.979 19.055754255046548 30.8945997068575 31.017440723929468 5.9549232047020455 9.654562408392968 9.692950226227959
 8552 65536 36077.976 40148.973 61063.051 18.356890552357104 27.919213375644755 31.0695850565453 5.736528297611595 8.724754179888984 9.709245330170404
 9400 65536 39875.984 40035.963 65107.107 18.923844980548743 30.77425163970703 30.897715276443087 5.913701556421483 9.616953637408447 9.655536023888464
 10336 65536 43540.001 44022.083 72082.996 18.794448998762483 30.774559032111227 31.11529997438448 5.873265312113276 9.617049697534759 9.723531241995149
 11368 65536 47903.061 54222.107 77167.034 19.309106735915236 27.480055247576416 31.105037233424394 6.034095854973511 8.58751726486763 9.720324135445122
 12504 65536 52842.855 59376.955 84003.21 19.510257858003282 27.602026543799692 31.015059424779373 6.096955580626026 8.625633294937405 9.692206070243556
 13752 65536 57932.138 58948.994 91964.006 19.600082928096892 30.57731814727831 31.11402765767077 6.125025915030279 9.55541192102447 9.723133643022116
 15120 65536 63467.979 64278.841 108173.132 18.320710543908444 30.831430828069845 31.225330808154457 5.725222044971389 9.634822133771825 9.757915877548268
 16632 32768 35081.863 35197.02 61754.942 17.650324276881353 30.96838175504631 31.07003616085041 5.515726336525423 9.677619298451972 9.709386300265752
 18288 32768 37930.965 39886.951 63158.035 18.97656201621852 30.04798155667501 31.59746576444865 5.930175630068288 9.389994236460941 9.874208051390205
 20112 32768 42064.905 56803.942 66540.003 19.80853580664852 23.20367188601101 31.333959556071743 6.190167439577663 7.25114746437844 9.79186236127242
 22120 32768 46588.898 46774.149 77255.964 18.764328926113716 30.992681876478397 31.115917787967426 5.863852789410537 9.685213086399498 9.72372430873982
 24328 32768 50258.16 50874.949 87349.892 18.252567593329136 31.338799140614373 31.72340189135456 5.703927372915354 9.79337473144199 9.913563091048298
 26760 32768 55155.993 77102.9 97100.019 18.06120511675698 22.745491544416623 31.796061762499683 5.644126598986556 7.107966107630194 9.93626930078115
 29432 32768 61801.195 62160.969 107180.119 17.99639308107131 31.030011002563363 31.210651379799373 5.623872837834785 9.69687843830105 9.753328556187304
 32368 32768 66979.885 67054.033 108669.043 19.520455775063738 31.635222418314495 31.67024320809151 6.100142429707419 9.88600700572328 9.896951002528597
 35600 16384 38100.004 38658.142 59297.085 19.67281865541957 30.17581134654635 30.617865551930123 6.147755829818616 9.429941045795735 9.568082984978163
 39160 16384 42001.963 42282.82 71424.007 17.965876375432142 30.347902055728543 30.550831159962687 5.614336367322545 9.48371939241517 9.547134737488339
 43072 16384 46281.099 46391.01 77039.003 18.32037333089578 30.42363802814381 30.495889823186783 5.725116665904932 9.507386883794942 9.529965569745869
 47376 16384 50916.91 51010.847 81643.105 19.014670840850556 30.433071773930745 30.489217982788038 5.942084637765798 9.510334929353357 9.52788061962126
 52112 16384 56107.998 64291.0 84590.912 20.18663678670352 26.56057637927548 30.434270992880553 6.30832399584485 8.300180118523588 9.510709685275174
 57320 16384 61769.009 93497.992 167989.969 11.180797110570333 20.08879249513722 30.407833805460598 3.4939990970532286 6.277747654730381 9.502448064206437
 63048 16384 67925.93 68318.129 104069.948 19.851618105930058 30.24024361088694 30.414848409142134 6.203630658103144 9.450076128402168 9.504640127856918
 69352 8192 37370.205 45066.118 58011.055 19.58701092403853 25.21324707843706 30.40559097816027 6.12094091376204 7.8791397120115825 9.501747180675086
 76280 8192 41089.058 42181.015 64310.789 19.433310326825566 29.628768297775665 30.416163836123964 6.07290947713299 9.258990093054896 9.505051198788738
 83904 8192 45011.997 45167.923 71542.978 19.214787732207622 30.434942425844994 30.54037207013943 6.004621166314882 9.51091950807656 9.543866271918573
 92288 8192 49708.128 50987.959 76722.86 19.70790181700734 29.65497387334135 30.4184979969473 6.158719317814794 9.267179335419172 9.50578062404603
 101512 8192 54034.948 62345.982 85844.994 19.374136225112903 26.67650030758999 30.7795726573106 6.054417570347782 8.336406346121871 9.618616455409562
 111656 8192 60122.967 61500.072 92236.042 19.83359069115303 29.745849793476665 30.427172764111926 6.1979970909853215 9.295578060461457 9.508491488784976
 122816 8192 65847.874 66199.064 100990.057 19.924905518173937 30.396462161458963 30.558577244270637 6.226532974429355 9.498894425455925 9.549555388834573
 135096 4096 36325.216 41308.165 55974.007 19.771792146308197 26.791469241008404 30.46661668852843 6.178685045721312 8.372334137815127 9.520817715165135
 148600 4096 39619.923 42078.018 61282.158 19.86436574247271 28.93033602485745 30.72522881985409 6.207614294522721 9.040730007767952 9.601634006204403
 163456 4096 43994.904 44474.84 67996.025 19.69279163009897 30.107619319147638 30.43606032189546 6.153997384405928 9.408631037233636 9.511268850592332
 179800 4096 48464.06 49768.925 73207.855 20.119720759473147 29.595206245664336 30.392038966607423 6.287412737335358 9.248501951770104 9.497512177064818
 197776 4096 53083.181 55871.01 82734.108 19.582987369610613 28.99859859343871 30.52155054536012 6.119683553003315 9.062062060449597 9.537984545425036
 217552 4096 58002.949 58885.813 89255.81 19.9671705853098 30.265116387201786 30.72578230462041 6.239740807909311 9.457848871000557 9.601806970193877
 239304 4096 64563.99 66998.959 106700.897 18.372651243972204 29.25983324606581 30.363339812177035 5.741453513741313 9.143697889395565 9.488543691305322
 263232 2048 35799.026 54044.008 54749.966 19.693131352812166 19.950375849252335 30.11808958154337 6.1541035477538015 6.234492452891354 9.411902994232301
 289552 2048 40087.938 41656.971 60001.135 19.76637595272156 28.47074483644046 29.585083473238257 6.176992485225488 8.897107761387643 9.245338585386955
 318504 2048 45383.93 51144.838 68094.969 19.158425404378995 25.50780166710079 28.745690027284986 5.9870079388684365 7.971188020968997 8.983028133526558
 350352 2048 51192.999 66271.067 96168.995 14.922083692358438 21.654122333657316 28.031993046549196 4.663151153862012 6.766913229267911 8.759997827046623
 385384 2048 56385.04 57214.975 82612.038 19.10778262122041 27.589505439790894 27.995597130018883 5.971182069131378 8.621720449934655 8.7486241031309
 423920 2048 62721.968 71887.016 88549.852 19.60902565935401 24.15424114975088 27.683702781774958 6.127820518548129 7.548200359297151 8.651157119304674
 466312 2048 69378.853 71300.983 98866.94 19.3190357868869 26.78804515219657 27.530203648653572 6.037198683402156 8.371264110061428 8.603188640204241
 512936 2048 76518.059 77137.947 113322.02 18.53996121848163 27.236735455248763 27.457385661076426 5.79373788077551 8.51147982976524 8.580433019086383
 564224 1024 41847.944 41893.959 59570.074 19.397839794525016 27.582276289524224 27.61260510193762 6.061824935789067 8.61946134047632 8.628939094355506
 620640 1024 45990.944 47703.028 75096.846 16.925753712745802 26.645493447501906 27.637413139421533 5.289298035233063 8.326716702344346 8.636691606069228
 682704 1024 50724.983 51299.81 71596.861 19.528478937086362 27.255028663848854 27.56388882377743 6.102649667839489 8.517196457452767 8.613715257430446
 750968 1024 55758.953 56342.84 81568.956 18.854997531168596 27.296857311417032 27.582699840149438 5.892186728490186 8.530267909817823 8.6195937000467
 826064 1024 61387.062 66094.16 87857.008 19.256051514979887 25.596498571129434 27.55921226528157 6.017516098431214 7.998905803477947 8.612253832900489
 908664 1024 67641.02 76338.053 94243.05 19.74621865485041 24.37767009855491 27.512061054076355 6.170693329640753 7.618021905798409 8.597519079398861
 999528 1024 74141.026 76923.132 105146.885 19.468321329728408 26.61141441822728 27.609994822569625 6.083850415540128 8.316067005696025 8.628123382053008
 1099480 512 40856.123 43597.937 59650.898 18.8742761257341 25.82387143685262 27.556885904225418 5.898211289291907 8.069959824016445 8.611526845070443
 1209424 512 45639.992 53544.044 63807.964 19.40902198352544 23.129559956285707 27.135197043855747 6.065319369851701 7.227987486339283 8.479749076204921
 1330360 512 49468.994 52329.779 69679.022 19.550915051591858 26.032761193201296 27.5382321298064 6.1096609536224555 8.135237872875404 8.605697540564499
 1463392 512 54039.955 75885.057 100469.112 14.915165249992455 19.74714742587595 27.72973086302533 4.660989140622642 6.170983570586235 8.665540894695415
 1609728 512 60268.879 62790.871 84336.042 19.54516044279147 26.251610238055147 27.350126621734578 6.107862638372334 8.203628199392233 8.546914569292055
 1770696 512 65824.032 66262.96 95201.015 19.045938785421562 27.36359353702279 27.546059530355112 5.951855870444239 8.551122980319622 8.608143603235973
 1947760 512 73204.041 77906.847 104369.879 19.10997942231973 25.601167507138367 27.24584890060919 5.971868569474916 8.00036484598074 8.514327781440372
 2142536 256 39604.902 39745.808 57308.912 19.141498132088078 27.599852341660785 27.698046873086565 5.981718166277525 8.624953856768997 8.655639647839552
 2356784 256 43831.11 44368.029 61828.136 19.516574266447236 27.196912623727318 27.530067296949586 6.098929458264761 8.499035194914788 8.603146030296745
 2592456 256 49077.988 67538.023 73486.805 18.0622558294649 19.653188130780787 27.045474480331183 5.64445494670778 6.141621290868996 8.451710775103495
 2851696 256 53974.152 54344.177 75098.991 19.441917029218143 26.867061617291583 27.051251347126303 6.075599071630671 8.395956755403619 8.45351604597697
 3136864 256 58792.83 62375.069 83217.144 19.299801588961042 25.748658779038784 27.31752099703314 6.031187996550327 8.046455868449621 8.536725311572857
 3450544 256 64559.221 92965.841 138433.933 12.761889297763434 19.003523326379632 27.365239242896067 3.988090405551073 5.938601039493635 8.551637263405022
 3795592 256 73529.959 75849.056 106804.848 18.195270536783124 25.621190381064203 26.429269517204542 5.686022042744726 8.006621994082563 8.259146724126419
 4175144 256 85736.036 103935.003 115345.001 18.532868433543992 20.56740911432889 24.9331999440702 5.791521385482497 6.4273153482277765 7.791624982521936
 4592656 128 48408.985 57271.957 64785.957 18.147759027469483 20.528719421967715 24.28722552228682 5.671174696084214 6.415224819364911 7.589757975714631
 5051920 128 54585.934 64429.998 75178.146 17.203024932272207 20.072816392140815 23.69276158213213 5.375945291335065 6.272755122544005 7.4039879944162905
 5557112 128 61687.946 72742.939 81823.826 17.386386600890553 19.55682148063883 23.061566549808614 5.433245812778297 6.111506712699635 7.206739546815191
 6112816 128 68237.066 69947.004 94063.997 16.63634276565985 22.372379180100406 22.933003831084996 5.198857114268704 6.991368493781377 7.166563697214062
 6724096 128 76092.958 78229.189 99361.897 17.324232205429816 22.004172585759516 22.621916945323637 5.413822564196818 6.876303933049849 7.069349045413637
 7396504 128 83730.936 87323.904 109045.029 17.36443230254907 21.68369641375631 22.61416287045925 5.426385094546584 6.776155129298846 7.066925897018516
 8136152 128 92863.083 94954.967 123187.065 16.908065079722455 21.935186518468278 22.429310385915144 5.283770337413267 6.854745787021336 7.009159495598483
 8949760 64 51232.1 53130.865 101721.048 11.26187060125452 21.56127667034971 22.360381089199937 3.519334562892038 6.737898959484284 6.98761909037498
 9844736 64 56874.037 57693.005 97584.963 12.913118673826828 21.84192360928331 22.156440345530598 4.035349585570883 6.8256011279010345 6.923887607978312
 10829208 64 62739.134 63469.887 93827.009 14.773343398381163 21.839311357211017 22.09368436612466 4.616669811994114 6.824784799128443 6.904276364413955
 11912128 64 69097.996 70369.005 138631.105 10.998631108076358 21.667954293228956 22.066521060900232 3.4370722212738616 6.771235716634049 6.895787831531323
 13103336 64 76236.01 77530.861 181813.955 9.224963001327373 21.633024403018045 22.000456319789038 2.882800937914804 6.760320125943138 6.875142599934073
 14413664 64 84230.185 87812.901 108654.976 16.979884952530842 21.009999339390916 21.903655939969738 5.306214047665889 6.565624793559662 6.844892481240544
 15855024 64 92010.975 94159.842 120475.054 16.84533855448614 21.55316989593079 22.05653262559167 5.26416829827692 6.735365592478373 6.892666445497398
 17440520 32 51061.869 51952.124 66514.015 16.781324657668012 21.48503649244447 21.85962444892098 5.2441639555212545 6.714073903888896 6.831132640287805
 19184568 32 56537.151 57435.989 116291.046 10.558098789480317 21.377055977916562 21.71691233610268 3.299405871712599 6.680329993098926 6.786535105032088
 21103024 32 62089.92 74174.881 101052.999 13.365199938301684 18.208233269696787 21.752218975318378 4.176624980719277 5.690072896780246 6.797568429786993
 23213320 32 68406.82 80961.943 88464.022 16.793860898614806 18.350010201706745 21.717900057333463 5.248081530817127 5.734378188033358 6.786843767916707
 25534648 32 75632.095 76843.977 118288.994 13.815465131100868 21.2666956578783 21.607460060441273 4.317332853469021 6.645842393086969 6.752331268887898
 28088112 32 83428.144 102531.91 107532.024 16.717244790258945 17.532484940541924 21.54715521419247 5.22413899695592 5.478901543919351 6.733486004435146
 30896920 32 90823.174 92550.039 117941.856 16.765912857942478 21.36577035910271 21.772008100047245 5.239347768107024 6.676803237219597 6.803752531264763
 33986608 16 50216.913 50975.084 64950.943 16.744506018950336 21.33535387602304 21.657473369579687 5.23265813092198 6.667298086257199 6.7679604279936525
 37385264 16 54867.029 56127.071 69845.915 17.128109038302384 21.314642412036786 21.804141208374887 5.352534074469495 6.660825753761496 6.813794127617152
 41123784 16 61483.145 62736.988 77571.869 16.964411260994623 20.975841046114613 21.403607248783384 5.301378519060821 6.554950326910818 6.688627265244809
 45236160 16 68410.158 84715.843 91176.987 15.876343007474025 17.087206698751732 21.159973347817733 4.961357189835633 5.339752093359916 6.612491671193041
 49759776 16 77245.951 89678.049 96498.013 16.50099087532507 17.755881731994414 20.613544287907075 5.156559648539084 5.548713041248255 6.441732589970961
 54735752 16 87013.006 91706.991 108852.863 16.090932436016864 19.09935158596579 20.129681119165106 5.02841638625527 5.968547370614309 6.290525349739097
 60209320 16 100110.054 104302.883 122357.13 15.746513832091352 18.47214750526119 19.245801625479093 4.920785572528548 5.772546095394122 6.014313007962217
 66230248 16 114303.112 137460.947 178694.01 11.860318854560374 15.4179640272666 18.54164684510077 3.7063496420501165 4.818113758520812 5.794264639093991
 72853272 8 67186.832 69241.047 78063.011 14.932198195634548 16.8347014163434 17.349416802387708 4.666311936135797 5.260844192607313 5.42169275074616
 80138592 8 77439.07 85925.102 88386.059 14.507010341981648 14.922501599125246 16.557759177634747 4.533440731869265 4.6632817497266394 5.174299743010859
 88152448 8 88670.015 98546.028 119202.852 11.832260254981147 14.312491295945483 15.906607977905495 3.697581329681609 4.4726535299829635 4.970814993095468
 96967688 8 100312.948 111267.09 125118.971 12.400062081712612 13.943772664495853 15.466428202269562 3.8750194005351912 4.357428957654954 4.833258813209238
 106664456 8 112993.956 118396.997 124650.002 13.691386029821324 14.414481272696468 15.103739672589214 4.278558134319164 4.5045253977176465 4.719918647684129
 117330896 8 124936.104 132940.054 137770.891 13.62620450788839 14.121359812295548 15.02603551652291 4.2581889087151215 4.412924941342358 4.695636098913409
 129063984 8 139129.877 142112.97 188302.994 10.966494478574248 14.530860511887127 14.842417664180065 3.4270295245544533 4.540893909964727 4.638255520056271
 141970376 4 77137.947 83054.066 132483.006 8.572895817294485 13.674983811147788 14.723790976703075 2.6790299429045263 4.273432440983684 4.601184680219711
 156167408 4 84716.082 91328.859 98685.98 12.659744210879804 13.679567200111414 14.74736832140089 3.9561700658999386 4.2748647500348165 4.608552600437777
 171784144 4 92968.941 99521.875 101614.952 13.524320239800929 13.808754628065438 14.782067400337496 4.22635007493779 4.315235821270449 4.6193960626054675
 188962552 4 101827.145 106475.115 111260.891 13.586988225718954 14.197687562957785 14.845750767145637 4.245933820537173 4.436777363424308 4.6392971147330115
 207858800 4 111920.834 121610.165 124028.921 13.40711816722166 13.673778010251036 14.857559049282997 4.189724427256769 4.273055628203449 4.642987202900936
 228644680 4 122904.062 133980.989 147645.95 12.388808768543939 13.652365560609498 14.882807046686542 3.8715027401699804 4.266364237690468 4.650877202089545
 251509144 4 134534.121 144645.929 148066.998 13.588937299856651 13.910333777869408 14.955857570140143 4.246542906205203 4.346979305584189 4.6737054906687945
 276660056 2 73814.869 81533.194 98749.161 11.206578494373234 13.572879580799937 14.992104422755256 3.502055779491636 4.2415248689999805 4.685032632111018
 304326056 2 81002.951 83854.914 89779.854 13.558768139676413 14.516790560419631 15.02789971195 4.2371150436488785 4.536497050131135 4.696218659984375
 334758656 2 89432.001 97903.013 98588.943 13.581995944514793 13.677154389518122 14.972656420826366 4.244373732660873 4.274110746724413 4.678955131508239
 368234520 2 98413.944 103791.952 109503.984 13.45099991978374 14.191255214084421 14.966762027137129 4.203437474932419 4.434767254401382 4.677113133480352
 405057968 2 108110.905 118482.828 125245.094 12.936489727893054 13.674824439538192 14.986757089860639 4.04265303996658 4.273382637355685 4.68336159058145
 445563760 2 118602.991 130001.068 157187.939 11.338370178643284 13.709541524689627 15.027066560235399 3.5432406808260266 4.284231726465509 4.6959583000735625
 490120136 2 129860.878 140253.782 143106.937 13.699409582080564 13.978093966835061 15.096775674040954 4.281065494400177 4.368154364635957 4.717742398137799
 539132144 1 71752.071 76973.915 79903.841 13.494523848984931 14.008177809326707 15.027639940873623 4.21703870280779 4.377555565414595 4.696137481523007
 593045352 1 78279.972 79370.975 86544.991 13.704902967752346 14.943632782638739 15.151905061999768 4.282782177422609 4.669885244574607 4.734970331874928
 652349880 1 85922.956 92534.065 95818.996 13.616295457739925 14.099669781069275 15.1845306625624 4.255092330543726 4.406146806584148 4.745165832050749
 717584864 1 95345.974 95780.134 106101.99 13.526322437496223 14.984002089619127 15.052232074319152 4.226975761717569 4.682500653005977 4.703822523224735
 789343344 1 105703.831 107294.798 115687.132 13.646173612463658 14.713543596027833 14.934999735250841 4.264429253894893 4.597982373758698 4.667187417265889
 868277672 1 114928.007 127175.093 130615.95 13.295124707204593 13.654838404560868 15.109940469079916 4.154726471001435 4.267137001425271 4.721856396587474
 955105432 1 125863.075 138889.074 151636.124 12.597333759335603 13.753499890135346 15.176896512340893 3.9366667997923765 4.297968715667296 4.742780160106529
 1050615968 1 140084.982 152708.054 161749.125 12.990685025344032 13.759797737976545 14.999694514005792 4.05958907042001 4.29993679311767 4.6874045356268095
 
META_DATA
 FLOPS          5
 ERT_VERSION  1.1.0
 HOSTNAME  ('daniels-mbp-2.gha.chartermi.net', ['116.1.168.192.in-addr.arpa'], ['192.168.1.116'])
 UNAME  uname_result(system='Darwin', node='Daniels-MBP-2.gha.chartermi.net', release='21.6.0', version='Darwin Kernel Version 21.6.0: Mon Aug 22 20:17:10 PDT 2022; root:xnu-8020.140.49~2/RELEASE_X86_64', machine='x86_64', processor='i386')
 TIMESTAMP_DATA  1705795777.4541109
 CONFIG  {'ERT_RESULTS': ['./'], 'ERT_DRIVER': ['driver1'], 'ERT_KERNEL': ['kernel1'], 'ERT_FLOPS': ['1-8'], 'ERT_ALIGN': ['32'], 'ERT_SPEC_GBYTES_L1': ['28.8'], 'ERT_SPEC_GBYTES_L2': ['115.2'], 'ERT_SPEC_GBYTES_L3': ['230.4'], 'ERT_CC': ['g++'], 'ERT_CFLAGS': ['-O3'], 'ERT_LD': ['g++'], 'ERT_LDFLAGS': [], 'ERT_LDLIBS': [], 'ERT_RUN': ['./ERT_CODE'], 'ERT_NUM_EXPERIMENTS': ['5'], 'ERT_MEMORY_MAX': ['1073741824'], 'ERT_WORKING_SET_MIN': ['8'], 'ERT_TRIALS_MIN': ['1'], 'ERT_GNUPLOT': ['gnuplot'], 'ERT_MPI': [False], 'ERT_OPENMP': [False], 'ERT_GPU': [False], 'ERT_HIP': [False], 'ERT_PRECISION': ['FP64'], 'ERT_OCL': [False], 'ERT_SYCL': [False], 'ERT_WSS_MULT': [1.1]}
 TIMESTAMP_DATA  1705795819.085309
 TIMESTAMP_DATA  1705795875.328342
 TIMESTAMP_DATA  1705795916.6479301
 TIMESTAMP_DATA  1705795976.863692
 