7.86781e-06
8.10623e-06
5.96046e-06
6.91414e-06
4.05312e-06
5.96046e-06
6.91414e-06
6.91414e-06
6.91414e-06
5.00679e-06
8.10623e-06
1.00136e-05
6.91414e-06
5.00679e-06
4.05312e-06
5.96046e-06
3.09944e-06
5.96046e-06
6.91414e-06
4.05312e-06
4.05312e-06
5.96046e-06
5.00679e-06
5.96046e-06
5.96046e-06
3.8147e-06
5.96046e-06
6.91414e-06
9.05991e-06
6.91414e-06
8.10623e-06
1.19209e-05
8.10623e-06
9.05991e-06
7.15256e-06
4.05312e-06
4.05312e-06
8.10623e-06
5.00679e-06
4.05312e-06
3.09944e-06
4.05312e-06
7.15256e-06
3.09944e-06
3.09944e-06
5.00679e-06
5.00679e-06
5.96046e-06
5.00679e-06
5.96046e-06
4.05312e-06
3.8147e-06
4.05312e-06
2.86102e-06
5.96046e-06
5.96046e-06
6.91414e-06
5.00679e-06
3.09944e-06
7.15256e-06
5.96046e-06
6.91414e-06
5.00679e-06
4.05312e-06
3.8147e-06
4.05312e-06
4.05312e-06
4.05312e-06
5.96046e-06
6.91414e-06
8.10623e-06
4.05312e-06
5.00679e-06
6.91414e-06
2.86102e-06
4.05312e-06
3.09944e-06
4.05312e-06
4.05312e-06
1.09673e-05
3.09944e-06
5.00679e-06
4.05312e-06
3.8147e-06
5.00679e-06
5.00679e-06
4.05312e-06
6.19888e-06
5.00679e-06
7.15256e-06
3.09944e-06
6.91414e-06
4.05312e-06
3.09944e-06
5.00679e-06
4.05312e-06
5.00679e-06
5.00679e-06
8.10623e-06
4.05312e-06
3.8147e-06
4.05312e-06
6.19888e-06
4.05312e-06
3.09944e-06
5.96046e-06
5.96046e-06
7.86781e-06
5.00679e-06
5.00679e-06
4.05312e-06
5.96046e-06
6.91414e-06
4.05312e-06
3.09944e-06
4.05312e-06
2.86102e-06
3.09944e-06
2.86102e-06
4.05312e-06
4.05312e-06
7.15256e-06
3.19481e-05
4.05312e-06
4.05312e-06
4.05312e-06
5.00679e-06
4.05312e-06
6.91414e-06
5.96046e-06
5.96046e-06
3.8147e-06
4.05312e-06
9.05991e-06
3.8147e-06
5.00679e-06
4.05312e-06
3.09944e-06
3.09944e-06
4.05312e-06
4.05312e-06
4.05312e-06
4.05312e-06
4.05312e-06
7.15256e-06
5.00679e-06
3.8147e-06
4.05312e-06
5.96046e-06
3.8147e-06
3.09944e-06
4.05312e-06
2.86102e-06
2.86102e-06
3.09944e-06
5.00679e-06
5.00679e-06
9.05991e-06
3.8147e-06
4.05312e-06
8.10623e-06
4.05312e-06
6.91414e-06
4.05312e-06
3.8147e-06
4.05312e-06
5.96046e-06
5.00679e-06
6.91414e-06
3.8147e-06
5.96046e-06
2.86102e-06
3.09944e-06
3.8147e-06
4.05312e-06
3.09944e-06
3.09944e-06
5.96046e-06
1.40667e-05
4.05312e-06
7.86781e-06
7.86781e-06
4.05312e-06
7.15256e-06
5.00679e-06
5.00679e-06
3.8147e-06
6.91414e-06
3.8147e-06
8.10623e-06
5.00679e-06
5.00679e-06
9.05991e-06
9.77516e-06
5.96046e-06
5.96046e-06
4.05312e-06
5.96046e-06
6.19888e-06
5.00679e-06
5.00679e-06
4.05312e-06
5.96046e-06
7.86781e-06
9.05991e-06
8.10623e-06
4.05312e-06
4.05312e-06
4.05312e-06
4.05312e-06
6.91414e-06
3.09944e-06
3.09944e-06
6.19888e-06
6.91414e-06
7.15256e-06
9.05991e-06
3.8147e-06
4.05312e-06
4.05312e-06
5.96046e-06
4.05312e-06
4.05312e-06
4.05312e-06
5.00679e-06
4.05312e-06
5.96046e-06
6.91414e-06
5.00679e-06
5.00679e-06
4.05312e-06
4.05312e-06
4.05312e-06
2.86102e-06
5.96046e-06
3.09944e-06
4.05312e-06
5.00679e-06
3.8147e-06
3.8147e-06
3.8147e-06
5.00679e-06
4.05312e-06
3.8147e-06
5.96046e-06
