fp64
 64 16777216 142659.903 143241.167 483201.981 4.444277408705409 14.992084279793675 15.053169130501933 1.6666040282645282 5.622031604922627 5.644938423938225
 72 8388608 76380.968 76500.893 299273.014 4.036312983435252 15.7901366197124 15.814928556548276 1.5136173687882195 5.92130123239215 5.930598208705604
 80 8388608 78050.137 92838.049 356196.88 3.7680770252675995 14.457189637839114 17.196347522106205 1.4130288844753496 5.421446114189667 6.448630320789826
 88 8388608 81775.904 82220.078 406663.895 3.630504271838541 17.956623782332098 18.05415698003167 1.361439101939453 6.733733918374536 6.770308867511877
 96 8388608 89214.087 90136.051 460165.977 3.5000691413567933 17.868685372071603 18.053345499125044 1.3125259280087975 6.70075701452685 6.7700045621718905
 104 8388608 96511.126 96563.101 513104.916 3.4005335158394776 18.069329235812344 18.0790602733202 1.275200068439804 6.775998463429628 6.779647602495073
 112 8388608 103566.885 104243.04 572774.887 3.2806050590692184 18.025646527576328 18.143330196712974 1.230226897150957 6.759617447841122 6.803748823767365
 120 8388608 110852.957 111979.008 658379.793 3.057909646385517 17.978958341906367 18.16158968136502 1.146716117394569 6.742109378214888 6.8105961305118825
 128 8388608 85844.994 85954.905 111926.079 19.18662448632727 24.983840631317086 25.015828505969726 7.194984182372725 9.368940236743907 9.380935689738646
 136 4194304 44280.052 44492.96 72577.0 15.719176708874711 25.641150600005037 25.764438759015007 5.894691265828017 9.615431475001888 9.661664534630628
 144 4194304 46072.96 46308.994 100901.127 11.971715162309337 26.084772042338038 26.21840558974288 4.4893931858660014 9.781789515876765 9.83190209615358
 152 4194304 48070.908 48634.052 145955.086 8.736032782029946 26.217606051003113 26.524741658717993 3.2760122932612297 9.831602269126167 9.946778122019246
 160 4194304 50538.063 50751.925 155742.168 8.617943985472193 26.445839837602218 26.55775073927942 3.231728994552072 9.917189939100831 9.959156527229782
 176 4194304 56873.083 57384.014 211177.111 6.9912643515612825 25.72833277225953 25.959468523976447 2.6217241318354807 9.648124789597324 9.734800696491167
 192 4194304 61926.842 62298.059 166469.812 9.675103952180832 25.853337356786668 26.008313745435302 3.6281639820678118 9.695001508795 9.753117654538237
 208 4194304 69630.861 69957.018 215506.077 8.096432770199794 24.941464257381586 25.058292241998846 3.0361622888249227 9.353049096518093 9.396859590749566
 224 4194304 76925.039 77072.859 273175.955 6.8785270358073785 24.380154264161916 24.427003436423345 2.5794476384277667 9.142557849060719 9.160126288658756
 240 4194304 84554.911 85044.861 326860.905 6.159396517610449 23.672987366044374 23.81015953053277 2.309773694103918 8.877370262266641 8.928809823949788
 264 2097152 37173.033 37374.02 62032.938 17.850134004615416 29.627432532010207 29.78762201082704 6.6938002517307815 11.110287199503828 11.17035825406014
 288 2097152 43316.126 43411.97 107175.827 11.27082091001733 27.825494949895152 27.88706339989869 4.226557841256499 10.434560606210683 10.45764877496201
 312 2097152 48982.859 49150.944 147489.071 8.872676728704867 26.624572012289324 26.71593440472717 3.3272537732643257 9.984214504608497 10.01847540177269
 336 2097152 53471.088 53509.951 136137.009 10.35196934582278 26.33689842100584 26.356040183809238 3.8819885046835423 9.87633690787719 9.883515068928464
 368 2097152 60923.815 61233.044 192948.818 7.999550803156514 25.207041348458848 25.334983897512 2.9998315511836924 9.452640505672068 9.500618961567
 400 2097152 55837.154 56201.935 103199.959 16.25699870675336 29.851669697849374 30.046688984184257 6.09637451503251 11.194376136693515 11.267508369069096
 440 2097152 65561.056 66112.041 174211.025 10.593438388873496 27.914639029220112 28.149237864625004 3.9725393958275608 10.467989635957542 10.555964199234376
 480 2097152 72942.972 74094.057 189254.999 10.637848039089313 27.171759807942486 27.600546903956698 3.9891930146584924 10.189409927978433 10.350205088983762
 528 1048576 36770.105 38643.122 64652.92 17.126778744100033 28.654420209630057 30.114035736367896 6.422542029037513 10.745407578611273 11.292763401137961
 576 1048576 41788.101 41877.985 80997.944 14.913459432994989 28.84473911531321 28.906782626949234 5.5925472873731215 10.816777168242455 10.840043485105964
 632 1048576 48359.156 50227.165 130074.978 10.189508269607396 26.38811216997814 27.407427540712252 3.821065601102773 9.8955420637418 10.277785327767093
 688 1048576 48667.908 48990.011 107411.861 13.432786310256741 29.451729986343544 29.64665290318211 5.0372948663462775 11.044398744878828 11.117494838693291
 752 1048576 55779.934 59625.864 135149.002 11.669034034006405 26.449231897084122 28.27286070291872 4.375887762752402 9.918461961406546 10.602322763594522
 824 1048576 58376.074 58786.869 127382.994 13.565808070110206 29.3952251139621 29.602080605831766 5.087178026291327 11.023209417735787 11.100780227186911
 904 1048576 60412.884 61352.968 98078.012 19.32976993864843 30.900304741573382 31.381143929496893 7.248663726993161 11.587614278090019 11.767928973561336
 992 1048576 70749.044 71170.807 148016.93 14.054978602785507 29.23073197694667 29.404987917575255 5.270616976044565 10.961524491355002 11.02687046909072
 1088 524288 38053.036 38116.932 67403.793 16.925615565877724 29.93028630950676 29.9805431556105 6.347105837204146 11.223857366065033 11.242703683353938
 1192 524288 40979.862 41079.998 76613.903 16.31430514641709 30.426062630285426 30.500409981858894 6.117864429906409 11.409773486357034 11.437653743197087
 1304 524288 44209.957 44258.118 76390.028 17.899497353240918 30.894741254022595 30.92839705770354 6.712311507465345 11.585527970258473 11.598148896638827
 1432 524288 48852.921 49236.059 84211.826 17.830759684512717 30.49717752592668 30.736357238495525 6.686534881692269 11.436441572222504 11.526133964435822
 1568 524288 53534.985 54412.842 93003.035 17.678639928256107 30.216528076221422 30.712013237698677 6.62948997309604 11.331198028583033 11.517004964137003
 1720 524288 59381.962 59746.981 109958.887 16.402045975601773 30.18647452663759 30.37202980932156 6.150767240850664 11.319927947489095 11.389511178495585
 1888 524288 65764.904 66164.017 120229.959 16.466041446458448 29.921271073973635 30.10285680642064 6.174765542421919 11.220476652740114 11.28857130240774
 2072 262144 34692.049 34869.194 59024.096 18.404767029384065 31.154282946717945 31.31336335884917 6.901787636019026 11.682856105019232 11.74251125956844
 2272 262144 38877.964 39134.979 71350.098 16.69489418220561 30.437791623703184 30.63901021154297 6.260585318327102 11.414171858888693 11.489628829328613
 2496 262144 42155.027 42271.852 70985.079 18.435181962676975 30.95731050534526 31.04310306811095 6.913193236003866 11.608991439504473 11.641163650541605
 2744 262144 46816.826 46823.025 81592.083 17.63217972998679 30.72518855840689 30.729256870168857 6.612067398745048 11.521945709402585 11.523471326313322
 3016 262144 51167.965 51882.982 84772.825 18.65282427476022 30.477288448840508 30.90317560997394 6.994809103035083 11.428983168315192 11.588690853740227
 3312 262144 56960.106 57065.964 100212.097 17.327667097915334 30.42867822227624 30.48522866161801 6.49787516171825 11.41075433335359 11.431960748106754
 3640 262144 61374.903 61789.036 105496.883 18.0897128496204 30.88587302122661 31.09427838932796 6.783642318607651 11.58220238295998 11.660354395997986
 4000 262144 67615.032 68009.853 109879.017 19.0860098429894 30.836002542161054 31.016061635525066 7.157253691121026 11.563500953310397 11.6310231133219
 4400 131072 37253.141 37265.062 61897.039 18.634713689616078 30.95214493404037 30.96204961616525 6.988017633606028 11.607054350265138 11.610768606061969
 4840 131072 41208.029 41260.004 69551.945 18.242149231053137 30.75077161892665 30.789557054524497 6.840805961644926 11.531539357097492 11.546083895446685
 5320 131072 44987.917 45058.966 72242.022 19.304637957115872 30.950689813876334 30.99956995119378 7.239239233918452 11.606508680203625 11.624838731697668
 5848 131072 49489.975 49884.081 80708.027 18.994617623349903 30.73160978950379 30.976336359030288 7.1229816087562146 11.524353671063922 11.616126134636358
 6432 131072 54202.08 54316.044 86267.948 19.545036680367083 31.042581230694932 31.107850621230774 7.329388755137655 11.640967961510599 11.66544398296154
 7072 131072 59556.007 59859.991 95399.857 19.43275835308642 30.97030816459695 31.128385890612176 7.287284382407408 11.613865561723857 11.673144708979567
 7776 131072 65733.194 65846.92 106738.806 19.097381921248022 30.957131237117846 31.010690641321943 7.161518220468009 11.608924213919193 11.629008990495729
 8552 65536 36164.045 36242.962 58938.98 19.018444906918987 30.928149415602405 30.995640670173927 7.131916840094619 11.5980560308509 11.623365251315223
 9400 65536 39829.969 39846.897 63320.16 19.45789145194832 30.920269651109848 30.93341097001607 7.29670929448062 11.595101119166193 11.600029113756026
 10336 65536 43596.029 43684.006 70487.022 19.219994738889667 31.012727907783916 31.075311744562793 7.207498027083624 11.629772965418967 11.653241904211045
 11368 65536 47890.902 48031.092 76810.122 19.398829961499082 31.0221240857901 31.112934477617483 7.274561235562156 11.633296532171286 11.667350429106556
 12504 65536 52938.938 53236.961 83869.934 19.541261210483366 30.78545914745208 30.95876777883228 7.327972953931264 11.544547180294533 11.609537917062106
 13752 65536 58068.991 58167.934 91703.892 19.655677689230462 30.98790037823932 31.04070025945517 7.370879133461423 11.620462641839746 11.640262597295688
 15120 65536 63434.839 63958.883 99582.911 19.901091664211343 30.98566683849059 31.24164372829889 7.462909374079254 11.619625064433972 11.715616398112083
 16632 32768 35093.069 41024.923 107817.173 10.10965805976011 26.569087088841087 31.060114805006076 3.7911217724100412 9.963407658315408 11.647543051877278
 18288 32768 37674.904 38550.854 61160.088 19.596478801665555 31.08938567223439 31.8122208884726 7.348679550624584 11.658519627087898 11.929582833177225
 20112 32768 41922.092 42153.835 65477.848 20.129861812196395 31.267855747881537 31.440702720656216 7.548698179573648 11.725445905455578 11.79026352024608
 22120 32768 46566.01 46659.946 73303.938 19.77596783408826 31.068538313353386 31.131211800195032 7.415987937783097 11.650701867507518 11.674204425073135
 24328 32768 50215.006 50823.212 80355.167 19.84140992451674 31.370701403130525 31.750664492602073 7.440528721693777 11.764013026173947 11.906499184725778
 26760 32768 55099.964 55260.897 87493.896 20.04417953910751 31.735702010048808 31.828393935066817 7.5165673271653155 11.900888253768303 11.935647725650057
 29432 32768 61480.045 62553.167 97589.016 19.765088644812238 30.835457971296638 31.373684778532613 7.411908241804589 11.56329673923624 11.76513179194973
 32368 32768 66901.922 67541.122 107630.968 19.70872591241584 31.407077424624358 31.7071495793499 7.39077221715594 11.777654034234136 11.890181092256213
 35600 16384 37857.056 38269.043 59238.195 19.69237583960821 30.482622729813233 30.814355981616742 7.384640939853079 11.430983523679963 11.555383493106278
 39160 16384 42250.156 42804.003 64714.909 19.82842748028897 29.978384965536982 30.37136430928207 7.435660305108363 11.24189436207637 11.389261615980777
 43072 16384 46554.089 46750.069 71063.995 19.860736734544687 30.189972468275922 30.317064006987653 7.447776275454259 11.321239675603472 11.368899002620372
 47376 16384 50936.937 50971.031 77746.153 19.967763138068065 30.456844555488786 30.477230462444183 7.4879111767755235 11.421316708308293 11.428961423416567
 52112 16384 56011.915 56099.892 85858.107 19.88869864088664 30.43866850937966 30.486478028826543 7.458261990332491 11.414500691017373 11.432429260809954
 57320 16384 61830.997 62253.952 94791.174 19.81473254039453 30.170964246575064 30.377348759231552 7.430524702647949 11.314111592465649 11.391505784711832
 63048 16384 67956.924 68457.842 103526.831 19.955762617712118 30.178527450514725 30.4009767128365 7.483410981642044 11.316947793943022 11.400366267313688
 69352 8192 37405.014 37770.987 56591.034 20.078501622712885 30.082962036443472 30.377295621383805 7.529438108517332 11.281110763666303 11.391485858018928
 76280 8192 41143.894 41264.057 62381.029 20.034480675206556 30.28717026054903 30.37562560315754 7.51293025320246 11.357688847705887 11.39085960118408
 83904 8192 45018.196 45085.907 68718.91 20.004437439418055 30.49030678256068 30.53616666469709 7.5016640397817715 11.433865043460255 11.45106249926141
 92288 8192 49539.089 49880.028 75551.033 20.01357932458713 30.313667666746294 30.522293052260203 7.505092246720174 11.367625375029862 11.445859894597577
 101512 8192 54152.012 54464.102 83769.083 19.854253483949442 30.537042692818105 30.71303441135299 7.445345056481042 11.45139100980679 11.51738790425737
 111656 8192 60159.922 60214.043 91132.879 20.07367619758836 30.381150523308992 30.408481979082357 7.527628574095634 11.392931446240873 11.403180742155882
 122816 8192 65975.904 66293.955 100081.921 20.10570264733428 30.352953659198644 30.49927658437238 7.5396384927503535 11.38235762219949 11.437228719139641
 135096 4096 36368.132 36652.088 54865.122 20.171402006542515 30.194908186404 30.430664736918576 7.564275752453444 11.3230905699015 11.411499276344466
 148600 4096 39790.869 40109.158 60903.072 19.98800980022814 30.350455125485304 30.59322981863 7.495503675085552 11.381420672056988 11.47246118198625
 163456 4096 44224.024 45849.085 67538.977 19.826056174940287 29.205196832172334 30.27837430623681 7.434771065602608 10.951948812064625 11.354390364838803
 179800 4096 48395.872 48460.007 74411.154 19.79436577478694 30.394580834460054 30.43486022940138 7.422887165545101 11.39796781292252 11.413072586025518
 197776 4096 52913.904 53480.148 80406.189 20.149953780299175 30.294998286093005 30.619192112530573 7.55623266761219 11.360624357284875 11.482197042198964
 217552 4096 58688.879 58919.907 88812.113 20.066924699787293 30.247603479754304 30.366672772877465 7.525096762420235 11.342851304907866 11.387502289829051
 239304 4096 63768.864 64471.006 98289.013 19.945040734105245 30.40713166473624 30.741936503683053 7.479390275289466 11.40267437427609 11.528226188881145
 263232 2048 35689.831 36259.89 54720.163 19.703857095601123 29.73528800004634 30.210237532366016 7.38894641085042 11.150733000017375 11.328839074637255
 289552 2048 40254.116 40421.963 61650.991 19.237403531761558 29.34060852017503 29.462949627312646 7.214026324410583 11.002728195065636 11.048606110242241
 318504 2048 45589.924 45758.009 65846.92 19.812504275067077 28.510689440180847 28.615805194147725 7.429689103150155 10.691508540067819 10.730926947805399
 350352 2048 50878.048 51090.956 72804.213 19.71097183620404 28.087980816017616 28.20551983440874 7.391614438576514 10.532992806006606 10.577069937903278
 385384 2048 56565.046 56884.05 80242.157 19.67211404847953 27.75000837668907 27.906507209416926 7.377042768179822 10.4062531412584 10.464940203531347
 423920 2048 62448.978 63182.116 88145.971 19.698873360870913 27.482085595233944 27.804719558420956 7.387077510326592 10.30578209821273 10.426769834407859
 466312 2048 69396.019 69885.015 99472.046 19.201514684839193 27.330808357127776 27.523393697843098 7.200568006814698 10.249053133922917 10.32127263669116
 512936 2048 76148.987 76509.953 106534.004 19.72126999000244 27.460294688718474 27.590463626259403 7.395476246250915 10.297610508269429 10.346423859847278
 564224 1024 41862.965 41959.047 58969.021 19.595555978451802 27.539489922161483 27.60269732447284 7.348333491919426 10.327308720810557 10.351011496677316
 620640 1024 45855.999 46122.074 65088.034 19.5284853741319 27.558837011535953 27.718744498402486 7.323182015299463 10.334563879325982 10.394529186900932
 682704 1024 50503.016 50714.97 71012.974 19.689047131021436 27.569330949027478 27.685035523422997 7.383392674133039 10.338499105885305 10.381888321283622
 750968 1024 55804.968 56266.069 78518.152 19.58760394666446 27.33410190784787 27.559956023986967 7.345351479999172 10.250288215442952 10.334983508995112
 826064 1024 61182.976 61470.032 86317.062 19.59959054213407 27.522013848959766 27.65114060486368 7.349846453300276 10.320755193359913 10.36917772682388
 908664 1024 67205.906 68343.878 133301.02 13.960462358052474 27.229123170329903 27.69018353833367 5.235173384269678 10.210921188873714 10.383818826875126
 999528 1024 74287.891 74651.003 105226.994 19.453500154152458 27.421377633733872 27.555410665784006 7.295062557807172 10.2830166126502 10.333278999669002
 1099480 512 40946.007 40978.193 57103.157 19.71637960402084 27.47479665587011 27.496393482275327 7.3936423515078165 10.303048745951292 10.31114755585325
 1209424 512 44738.054 45186.043 63727.856 19.433419759170935 27.407803245794284 27.682254038139433 7.287532409689101 10.277926217172856 10.380845264302287
 1330360 512 48893.929 49793.959 68926.096 19.764482816493768 27.35851230467535 27.862122514228712 7.411681056185164 10.259442114253256 10.448295942835767
 1463392 512 54342.031 54538.965 76356.173 19.625307936792485 27.476014772190858 27.57558708102021 7.359490476297181 10.303505539571571 10.34084515538258
 1609728 512 59748.888 59842.825 84244.967 19.56629019749037 27.544847222703808 27.588153138515313 7.3373588240588905 10.32931770851393 10.345557426943243
 1770696 512 66018.105 68454.027 92408.895 19.621408783212914 26.487743431076744 27.465082555762546 7.358028293704844 9.93290378665378 10.299405958410956
 1947760 512 72595.119 75670.958 101390.839 19.671464006723525 26.35761846704782 27.47438488254286 7.376799002521322 9.884106925142934 10.302894330953572
 2142536 256 39506.912 40608.883 56397.915 19.450691253391195 27.013262886349278 27.766747044162805 7.294009220021697 10.129973582380979 10.412530141561051
 2356784 256 43872.833 43980.837 62180.042 19.406120825714464 27.43634478807213 27.50388624322482 7.277295309642924 10.28862929552705 10.313957341209308
 2592456 256 48310.041 48439.98 68300.962 19.43365705449361 27.401693229435683 27.47539527031244 7.287621395435105 10.275634961038381 10.303273226367164
 2851696 256 52856.922 53884.983 76209.068 19.158722056540565 27.096015823183986 27.623030187039646 7.184520771202713 10.161005933693996 10.358636320139867
 3136864 256 58995.008 60252.905 84787.13 18.942431097738535 26.6555507655606 27.223902876663733 7.103411661651951 9.995831537085225 10.2089635787489
 3450544 256 65983.772 66827.059 94346.046 18.725517421260026 26.43657456181036 26.774439751640752 7.02206903297251 9.913715460678885 10.040414906865282
 3795592 256 74663.162 75842.142 104208.946 18.64852470535495 25.623526086591806 26.02813826716849 6.993196764508107 9.608822282471927 9.760551850188182
 4175144 256 85114.956 86819.887 115470.886 18.512664118641997 24.621936308210124 25.115136380966938 6.942249044490747 9.233226115578796 9.4181761428626
 4592656 128 47846.079 49007.893 64094.067 18.343662542119535 23.990419992142897 24.57296314709508 6.878873453294826 8.996407497053587 9.214861180160657
 5051920 128 54706.812 55159.807 72670.937 17.79654389209265 23.44626622787132 23.640410996714632 6.673703959534745 8.792349835451745 8.865154123767988
 5557112 128 61168.909 61477.184 79635.143 17.864232026305274 23.140628432167617 23.257251032546616 6.699087009864477 8.677735662062855 8.72146913720498
 6112816 128 68818.092 69676.161 89591.98 17.466752001685865 22.459344394706253 22.739382196181783 6.550032000632199 8.422254148014844 8.527268323568169
 6724096 128 74631.929 76385.975 98444.939 17.48559746682356 22.535139153489887 23.064774005774392 6.557099050058836 8.450677182558708 8.649290252165397
 7396504 128 84307.194 84496.975 107559.919 17.604187894563218 22.409145700186308 22.459590150752735 6.601570460461207 8.403429637569866 8.422346306532276
 8136152 128 92978.001 93583.822 120005.846 17.35627872662137 22.25657028626166 22.401588435957017 6.5086045224830125 8.346213857348122 8.40059566348388
 8949760 64 51354.885 51741.123 66031.933 17.34871641573782 22.14040232563178 22.306919390433837 6.505768655901683 8.302650872111917 8.36509477141269
 9844736 64 56974.888 57137.012 72933.912 17.27764456128447 22.05446459118303 22.117221327403048 6.479116710481675 8.270424221693636 8.293957997776143
 10829208 64 62816.858 63452.959 79931.974 17.341478692869515 21.845137655440148 22.06634760369581 6.503054509826067 8.191926620790056 8.274880351385928
 11912128 64 69317.818 69687.128 88309.05 17.266094290449278 21.87997163550778 21.99654328415242 6.4747853589184805 8.204989363315418 8.248703731557159
 13103336 64 76449.156 77458.858 97484.112 17.205131929601002 21.65313369324397 21.939117391956557 6.451924473600375 8.119925134966488 8.227169021983709
 14413664 64 84342.957 84662.914 210067.034 8.782667879244679 21.791701995988465 21.874369332343896 3.2935004547167543 8.171888248495675 8.202888499628962
 15855024 64 92262.983 94130.993 118371.01 17.144764347284017 21.559775450366278 21.996287200035578 6.429286630231507 8.084915793887355 8.248607700013341
 17440520 32 50633.192 52254.915 64660.072 17.262481241901494 21.360541491647247 22.04469510829971 6.473430465713061 8.010203059367717 8.266760665612392
 19184568 32 56396.008 56868.076 71098.804 17.269099941540507 21.59053793203765 21.771263526312 6.4759124780776895 8.096451724514118 8.164223822367001
 21103024 32 61872.005 62098.98 78716.04 17.15779320199543 21.74904541105184 21.82883092280588 6.434172450748285 8.15589202914444 8.185811596052204
 23213320 32 67512.035 68458.08 86827.04 17.11048171168797 21.701638141180702 22.005742827926902 6.4164306418829895 8.138114302942764 8.252153560472589
 25534648 32 74929.953 75832.129 97767.83 16.715288372463622 21.550462759656927 21.809935901067497 6.268233139673858 8.081423534871346 8.17872596290031
 28088112 32 82890.034 84588.051 104562.044 17.19208136367342 21.251691542106812 21.68703620027469 6.447030511377532 7.9693843282900545 8.132638575103009
 30896920 32 90031.147 91767.788 117815.018 16.783962805149343 21.547897395107746 21.963542017297637 6.293986051931003 8.080461523165404 8.236328256486614
 33986608 16 50299.883 50518.036 63962.936 17.0031509497938 21.528379606839824 21.62174921957572 6.3761816061726755 8.073142352564933 8.108155957340895
 37385264 16 54587.126 55871.01 71031.094 16.842320463204466 21.41232900568649 21.91594494276911 6.315870173701675 8.029623377132435 8.218479353538415
 41123784 16 61527.014 65206.051 201177.835 6.541282681563801 20.181579283186462 21.388346393667014 2.452981005586426 7.568092231194924 8.020629897625131
 45236160 16 67744.97 68790.913 85938.931 16.844020552222137 21.042853726915936 21.367743169714295 6.316507707083301 7.891070147593477 8.012903688642862
 49759776 16 77060.938 78188.181 132719.04 11.997621682616147 20.36513462309604 20.66303464927977 4.499108130981055 7.636925483661015 7.748637993479913
 54735752 16 85901.976 87671.041 107400.894 16.308468195804775 19.978593205024225 20.390032285171184 6.115675573426791 7.491972451884084 7.646262106939194
 60209320 16 98860.979 99367.857 121680.975 15.834013821799173 19.389552096308165 19.488965813296264 5.937755183174691 7.271082036115562 7.3083621799861
 66230248 16 113960.981 115489.96 136731.863 15.500175961180314 18.35110113467872 18.597312144934943 5.8125659854426175 6.88166292550452 6.973992054350602
 72853272 8 66441.059 67178.011 76973.915 15.143472330853902 17.35169491695728 17.54415672393181 5.678802124070213 6.5068855938589785 6.579058771474428
 80138592 8 76770.067 77538.013 89740.038 14.288131591831954 16.536630516956887 16.70204966735277 5.3580493469369825 6.201236443858833 6.26326862525729
 88152448 8 87543.964 90744.019 104733.944 13.466877252326139 15.543053785175637 16.111209768842542 5.0500789696223025 5.828645169440864 6.041703663315953
 96967688 8 98518.848 100157.022 111807.108 13.876425531013647 15.490506576763035 15.748083128215223 5.203659574130118 5.808939966286138 5.905531173080709
 106664456 8 111320.019 112928.867 124575.853 13.699535302399255 15.112445040292489 15.330857031204783 5.137325738399721 5.667166890109683 5.749071386701793
 117330896 8 124840.021 126040.936 137129.068 13.689981003881687 14.894322396971093 15.037600290054423 5.133742876455632 5.58537089886416 5.639100108770408
 129063984 8 138180.017 140072.107 152909.994 13.50483176397221 14.742576436006633 14.944445577829102 5.064311911489579 5.528466163502488 5.604167091685913
 141970376 4 76258.183 77475.071 85459.948 13.290003499651087 14.659722067244058 14.893654206264001 4.983751312369158 5.497395775216522 5.585120327349
 156167408 4 83853.006 85079.908 92379.093 13.524047740975332 14.68430436008464 14.899158940110032 5.071517902865749 5.50661413503174 5.587184602541262
 171784144 4 92451.811 93798.161 232511.044 5.910571508164575 14.651386949899797 14.864751021480803 2.216464315561716 5.494270106212424 5.5742816330553016
 188962552 4 101187.944 103531.837 111835.003 13.517238569752621 14.60130970147859 14.939530899056512 5.068964463657233 5.475491138054471 5.602324087146192
 207858800 4 111729.145 113459.826 239036.083 6.9565664695066145 14.656028116947756 14.883049539133232 2.6087124260649803 5.496010543855409 5.581143577174962
 228644680 4 123028.04 124615.908 176172.972 10.382735894357278 14.678362252113109 14.867809322167533 3.89352596038398 5.5043858445424165 5.575428495812825
 251509144 4 134341.955 136004.925 147841.93 13.609624495567667 14.794119786470969 14.977250792576305 5.103609185837875 5.547794919926614 5.616469047216115
 276660056 2 74039.936 74843.884 81363.916 13.601118018950809 14.785980695496775 14.946531342220501 5.100419257106553 5.544742760811291 5.604949253332688
 304326056 2 81589.937 85206.985 89030.981 13.672816027939758 14.286437009829653 14.919783845402407 5.127306010477409 5.35741387868612 5.594918942025902
 334758656 2 88883.877 91784.0 99117.994 13.50950084804985 14.588976553647694 15.064988940570178 5.066062818018693 5.470866207617885 5.649370852713816
 368234520 2 97979.069 98748.922 107839.823 13.658572863199154 14.91599148798809 15.03319122168838 5.121964823699682 5.593496807995534 5.637446708133142
 405057968 2 107385.159 108896.017 118994.951 13.615971588576055 14.878706463616568 15.088042771347949 5.105989345716021 5.579514923856213 5.658016039255481
 445563760 2 117650.032 119508.028 131035.089 13.601357114352782 14.913266245176432 15.148784999905482 5.100508917882293 5.592474841941162 5.680794374964555
 490120136 2 130074.024 131916.046 183074.951 10.708622524771288 14.861577521812622 15.072037319303659 4.015733446789233 5.573091570679733 5.652013994738872
 539132144 1 71816.921 72058.916 150284.052 7.174841732374903 14.96364846787315 15.014070124226015 2.6905656496405888 5.611368175452431 5.630276296584756
 593045352 1 78607.082 80062.866 113006.115 10.49580993028563 14.814492201665626 15.08885298655406 3.9359287238571117 5.55543457562461 5.658319869957773
 652349880 1 86371.899 87069.035 154512.167 8.443993669443522 14.984658552836839 15.105604659682196 3.1664976260413202 5.6192469573138135 5.664601747380823
 717584864 1 94712.019 95620.871 105377.913 13.61926505414849 15.008958954159704 15.152984205732116 5.107224395305684 5.628359607809889 5.682369077149543
 789343344 1 105421.066 105967.999 148906.946 10.601833765363773 14.897768221517516 14.975059045599101 3.975687662011415 5.58666308306907 5.615647142099663
 868277672 1 114558.935 118443.012 220397.949 7.879181053540567 14.66152637185552 15.158619831792254 2.954692895077713 5.498072389445821 5.684482436922097
 955105432 1 126225.948 139287.949 230140.924 8.300178998151585 13.71411437754748 15.133266133204243 3.1125671243068442 5.142792891580305 5.674974799951592
 1050615968 1 139219.046 146549.94 227062.941 9.253962477302714 14.337992468642431 15.092991917212245 3.470235928988518 5.3767471757409115 5.659871968954592
 
META_DATA
 FLOPS          6
 ERT_VERSION  1.1.0
 HOSTNAME  ('daniels-mbp-2.gha.chartermi.net', ['116.1.168.192.in-addr.arpa'], ['192.168.1.116'])
 UNAME  uname_result(system='Darwin', node='Daniels-MBP-2.gha.chartermi.net', release='21.6.0', version='Darwin Kernel Version 21.6.0: Mon Aug 22 20:17:10 PDT 2022; root:xnu-8020.140.49~2/RELEASE_X86_64', machine='x86_64', processor='i386')
 TIMESTAMP_DATA  1705796019.8076491
 CONFIG  {'ERT_RESULTS': ['./'], 'ERT_DRIVER': ['driver1'], 'ERT_KERNEL': ['kernel1'], 'ERT_FLOPS': ['1-8'], 'ERT_ALIGN': ['32'], 'ERT_SPEC_GBYTES_L1': ['28.8'], 'ERT_SPEC_GBYTES_L2': ['115.2'], 'ERT_SPEC_GBYTES_L3': ['230.4'], 'ERT_CC': ['g++'], 'ERT_CFLAGS': ['-O3'], 'ERT_LD': ['g++'], 'ERT_LDFLAGS': [], 'ERT_LDLIBS': [], 'ERT_RUN': ['./ERT_CODE'], 'ERT_NUM_EXPERIMENTS': ['5'], 'ERT_MEMORY_MAX': ['1073741824'], 'ERT_WORKING_SET_MIN': ['8'], 'ERT_TRIALS_MIN': ['1'], 'ERT_GNUPLOT': ['gnuplot'], 'ERT_MPI': [False], 'ERT_OPENMP': [False], 'ERT_GPU': [False], 'ERT_HIP': [False], 'ERT_PRECISION': ['FP64'], 'ERT_OCL': [False], 'ERT_SYCL': [False], 'ERT_WSS_MULT': [1.1]}
 TIMESTAMP_DATA  1705796059.4619021
 TIMESTAMP_DATA  1705796099.7430289
 TIMESTAMP_DATA  1705796143.197633
 TIMESTAMP_DATA  1705796199.258121
 