fp64
 64 16777216 59519.053 59551.001 61477.9 34.930985736337774 36.06125190070273 36.08060847339087 4.366373217042222 4.507656487587841 4.5100760591738585
 72 8388608 32371.044 32407.045 32885.79 36.73196088644974 37.274597298210935 37.31605171584827 4.591495110806218 4.659324662276367 4.6645064644810335
 80 8388608 35084.963 35145.044 35262.823 38.062105237575565 38.18965997026494 38.25505758692121 4.757763154696946 4.773707496283118 4.781882198365151
 88 8388608 38770.914 39044.857 162317.038 9.095748827057822 37.81279076012495 38.079963964739136 1.1369686033822277 4.7265988450156184 4.759995495592392
 96 8388608 42114.019 42178.154 43920.04 36.671476984082894 38.185946592162374 38.24409957168894 4.583934623010362 4.773243324020297 4.780512446461118
 104 8388608 45623.064 45644.999 45705.08 38.17585406261186 38.2261036745778 38.24448230833423 4.771981757826483 4.778262959322225 4.780560288541778
 112 8388608 49102.068 49216.032 49557.924 37.91620068669543 38.17959546190152 38.2682088257464 4.739525085836929 4.77244943273769 4.7835261032183
 120 8388608 52664.042 52788.019 53024.054 37.96891727667598 38.13869052369629 38.22847323416611 4.746114659584498 4.767336315462036 4.778559154270764
 128 8388608 44440.985 44945.002 48775.911 44.02754564645651 47.7802548100899 48.32214335483338 5.503443205807064 5.9725318512612375 6.040267919354172
 136 4194304 24567.842 24654.15 24809.122 45.98512950196303 46.274184589612695 46.4367480057874 5.748141187745379 5.784273073701587 5.804593500723425
 144 4194304 26890.039 27039.051 27678.013 43.64329014514156 44.674628262656114 44.92219412549011 5.455411268142695 5.584328532832014 5.6152742656862635
 152 4194304 28041.84 28070.927 32624.96 39.08260472963032 45.42309614499016 45.470212225731274 4.88532559120379 5.67788701812377 5.683776528216409
 160 4194304 29227.018 29249.907 32201.052 41.68116246636911 45.886548630735824 45.92248446283504 5.210145308296139 5.735818578841978 5.74031055785438
 176 4194304 32741.785 32897.949 33214.092 44.45086164029413 44.87802592191993 45.09207448524874 5.556357705036766 5.609753240239991 5.636509310656092
 192 4194304 33888.102 34000.874 34353.971 46.88286940685838 47.36974514243369 47.52738102594238 5.860358675857298 5.921218142804212 5.940922628242798
 208 4194304 39886.951 40108.919 40713.072 42.85676266335294 43.502305908568616 43.744393097381646 5.357095332919117 5.437788238571077 5.468049137172706
 224 4194304 42169.094 42599.916 46561.956 40.35586889863475 44.109199464149185 44.55984261838777 5.044483612329344 5.513649933018648 5.569980327298471
 240 4194304 45627.117 46130.896 46694.994 43.115241004207 43.642462960181824 44.12432895990338 5.389405125525875 5.455307870022728 5.5155411199879225
 264 2097152 20467.043 20584.822 20636.082 53.6582601290303 53.79187908450216 54.10142813497777 6.707282516128788 6.72398488556277 6.762678516872222
 288 2097152 22789.955 22884.846 24842.978 48.623782221277985 52.78425522286669 53.00403410186637 6.077972777659748 6.598031902858336 6.625504262733296
 312 2097152 25737.047 25794.029 34003.019 38.48549000899008 50.733557289557204 50.84588173616033 4.81068625112376 6.3416946611946505 6.355735217020041
 336 2097152 28079.033 28139.114 29059.887 48.4959264982689 50.08281867012586 50.18998140000049 6.061990812283613 6.2603523337657325 6.273747675000061
 368 2097152 30464.888 30547.857 30604.124 50.43450588554667 50.52740269145557 50.66501055247602 6.304313235693334 6.315925336431946 6.333126319059502
 400 2097152 29922.962 29956.102 30869.007 54.34971069850092 56.006005053661525 56.068032302417116 6.793713837312615 7.000750631707691 7.0085040378021395
 440 2097152 34419.06 34457.207 36726.952 50.24903128361973 53.55900610284519 53.61836610296738 6.281128910452466 6.694875762855649 6.702295762870922
 480 2097152 37485.123 37595.987 38270.95 52.605590402119624 53.550021708433924 53.70839839581158 6.575698800264953 6.6937527135542405 6.713549799476447
 528 1048576 19421.101 19567.013 20257.95 54.659837545260004 56.58994839938012 57.01511237699654 6.8324796931575005 7.073743549922515 7.126889047124568
 576 1048576 21141.052 21154.165 21207.094 56.96016399040811 57.102681765033026 57.138100412410886 7.120020498801014 7.137835220629128 7.142262551551361
 632 1048576 24503.946 24557.114 24747.133 53.55772177730649 53.97214281775945 54.08925011506311 6.694715222163311 6.746517852219931 6.761156264382889
 688 1048576 25939.941 26057.005 26123.047 55.2324763646446 55.372464179977705 55.622353805662094 6.904059545580575 6.921558022497213 6.952794225707762
 752 1048576 28733.969 28812.885 28854.132 54.65623793500355 54.73448091019 54.88480564588901 6.832029741875444 6.84181011377375 6.860600705736126
 824 1048576 31127.93 31231.88 31634.808 54.625058827605336 55.32978635932259 55.51455711960287 6.828132353450667 6.916223294915324 6.939319639950359
 904 1048576 33321.857 33360.004 33951.998 55.83840479726702 56.82929198689545 56.8943503958978 6.979800599658377 7.103661498361931 7.111793799487225
 992 1048576 37194.014 37308.931 37348.032 55.70239374326337 55.760771703697436 55.933053743540555 6.9627992179079214 6.9700964629621796 6.991631717942569
 1088 524288 19906.998 19999.981 20358.801 56.037223803111 57.04258859045916 57.30902710695003 7.004652975388875 7.130323573807395 7.163628388368754
 1192 524288 22022.963 22104.025 22144.079 56.44409921044808 56.54637976567615 56.75451536652902 7.05551240130601 7.068297470709519 7.0943144208161275
 1304 524288 23937.941 24039.03 24474.144 55.8688836675963 56.88012802513246 57.12033060821731 6.9836104584495375 7.110016003141557 7.140041326027164
 1432 524288 26341.915 26395.082 27395.964 54.809563627693485 56.887901768973485 57.00272102464836 6.851195453461686 7.110987721121686 7.125340128081045
 1568 524288 28922.081 29075.146 29414.892 55.89574042971159 56.54888776826779 56.84816275841286 6.986967553713948 7.068610971033474 7.106020344801608
 1720 524288 31978.846 32030.821 32121.181 56.148331532392916 56.306727823180054 56.398242763356755 7.0185414415491145 7.038340977897507 7.049780345419594
 1888 524288 34839.869 34995.079 35049.915 56.48263306772641 56.57113927361044 56.823161074457545 7.060329133465801 7.071392409201305 7.102895134307193
 2072 262144 18979.073 19034.147 20595.074 52.74682363365142 57.07241496033417 57.238029275718574 6.593352954206427 7.134051870041771 7.154753659464822
 2272 262144 20964.146 20981.073 21158.934 56.29689737677711 56.774138100563306 56.81997902514131 7.037112172097139 7.096767262570413 7.1024973781426635
 2496 262144 22832.155 22953.987 23591.995 55.468935458828305 57.01069918703011 57.31490733134914 6.933616932353538 7.126337398378764 7.1643634164186425
 2744 262144 25362.015 25389.91 25874.853 55.600171796145084 56.66212570269056 56.72444685487332 6.9500214745181355 7.08276571283632 7.090555856859165
 3016 262144 27675.152 27737.141 27773.857 56.93312988541707 57.00849298058513 57.136185123752895 7.116641235677133 7.1260616225731415 7.142023140469112
 3312 262144 30521.87 30551.195 30761.003 56.44945504540277 56.83711736971336 56.89172570356927 7.0561818806753465 7.10463967121417 7.111465712946159
 3640 262144 33489.943 33576.012 33654.928 56.705167219493084 56.83844525669099 56.984519800466664 7.088145902436636 7.104805657086374 7.123064975058333
 4000 262144 36808.014 36832.094 37221.193 56.34295493967643 56.93816919559339 56.97541845099276 7.042869367459554 7.117271149449174 7.121927306374095
 4400 131072 21004.915 21081.924 23100.138 49.931892181769655 54.71197031162811 54.91255737050114 6.241486522721207 6.838996288953513 6.864069671312643
 4840 131072 22275.925 22289.991 22464.991 56.477964313451096 56.921376056185935 56.95731871964914 7.059745539181387 7.115172007023242 7.119664839956142
 5320 131072 24358.034 24408.102 24470.091 56.99227191267904 57.137014586386115 57.25445986322213 7.12403398908488 7.142126823298264 7.156807482902766
 5848 131072 26829.004 26870.966 27304.888 56.14445706570926 57.05109790247213 57.14032887691246 7.018057133213658 7.131387237809016 7.142541109614058
 6432 131072 29464.006 29499.054 29543.877 57.071392762703425 57.158111171971825 57.2261018410056 7.133924095337928 7.144763896496478 7.1532627301257
 7072 131072 32433.033 32480.955 32521.963 57.00401196569838 57.07598092482195 57.160314547208706 7.125501495712298 7.1344976156027435 7.145039318401088
 7776 131072 35681.009 35713.911 36028.862 56.57774436505932 57.076687680607144 57.12931896068298 7.072218045632415 7.134585960075893 7.1411648700853725
 8552 65536 19582.987 19638.062 19676.924 56.966614497265944 57.079346424306024 57.23987581669743 7.120826812158243 7.134918303038253 7.154984477087178
 9400 65536 21892.071 22029.161 22861.958 53.89200697508061 55.929356546987876 56.2795909075939 6.7365008718850765 6.9911695683734845 7.034948863449237
 10336 65536 24125.099 24152.04 24315.119 55.7167823032246 56.09299222757167 56.15563243906275 6.964597787903075 7.011624028446459 7.019454054882844
 11368 65536 26041.031 26047.945 26087.046 57.1174864336882 57.20322643494526 57.21841412500143 7.139685804211025 7.150403304368157 7.152301765625179
 12504 65536 29121.876 29134.989 29145.002 56.23345944529357 56.25278554249668 56.2781150500057 7.029182430661696 7.031598192812085 7.034764381250713
 13752 65536 31852.961 31930.923 32292.843 55.81738789613537 56.45004824946651 56.58821307067811 6.9771734870169215 7.056256031183314 7.0735266338347635
 15120 65536 35029.888 35109.997 35470.963 55.87129506464203 56.445708041501675 56.57479236016969 6.983911883080253 7.055713505187709 7.071849045021211
 16632 32768 19276.857 19289.017 19438.982 56.07262520228682 56.50856920287851 56.54421527326783 7.009078150285853 7.063571150359814 7.068026909158479
 18288 32768 21131.039 21173.0 21524.191 55.68257445773455 56.60616672176828 56.71857252262891 6.960321807216819 7.075770840221035 7.089821565328614
 20112 32768 23206.949 23253.918 23765.087 55.462032686856986 56.68120236770422 56.79592056672335 6.932754085857123 7.085150295963028 7.099490070840419
 22120 32768 25521.04 25571.823 25633.097 56.55408396418115 56.689596201256364 56.802399902198346 7.069260495522644 7.0861995251570455 7.100299987774793
 24328 32768 28019.905 28041.124 28069.019 56.80140827151815 56.85791368420182 56.90097122028073 7.100176033939769 7.107239210525227 7.112621402535091
 26760 32768 30830.145 30846.834 31350.851 55.939258554735886 56.85326928526928 56.88404514477632 6.992407319341986 7.10665866065866 7.11050564309704
 29432 32768 33882.141 34034.967 34577.131 55.78414102662247 56.67276104601482 56.928384543349836 6.973017628327809 7.0840951307518525 7.1160480679187295
 32368 32768 37215.948 37261.009 37275.076 56.908515706312706 56.93000015109629 56.998930888446 7.113564463289088 7.116250018887036 7.12486636105575
 35600 16384 21191.12 21413.088 21521.091 54.204538236467656 54.477934242833165 55.04856751318477 6.775567279558457 6.809741780354146 6.881070939148096
 39160 16384 23732.901 24010.181 24174.929 53.07957181590895 53.44378203562896 54.06818492185173 6.634946476988619 6.68047275445362 6.758523115231466
 43072 16384 26184.082 26262.045 26325.941 53.61188403483849 53.742322656137404 53.90234020806993 6.701485504354811 6.7177903320171755 6.737792526008741
 47376 16384 28223.038 28751.135 29190.063 53.18305643944654 53.99497334626964 55.00530339788368 6.647882054930817 6.749371668283705 6.87566292473546
 52112 16384 31566.143 31668.901 31714.916 53.84236288060797 53.92059598152775 54.09612495261141 6.7302953600759965 6.740074497690968 6.7620156190764265
 57320 16384 34287.93 34381.866 35291.195 53.22182374385453 54.62943052596388 54.779094567680225 6.652727967981816 6.828678815745485 6.847386820960028
 63048 16384 38335.8 38416.862 39603.949 52.16542582660128 53.77734558330141 53.89105911445697 6.52067822832516 6.722168197912676 6.7363823893071215
 69352 8192 20628.929 20726.919 20792.007 54.64903739210938 54.82064980328238 55.081054765373416 6.831129674013672 6.852581225410297 6.885131845671677
 76280 8192 23029.089 23179.054 23572.922 53.0172508949039 53.91814178438861 54.26925572262107 6.627156361862988 6.739767723048576 6.7836569653276335
 83904 8192 25300.98 25682.926 25879.86 53.117873744293824 53.525176064440636 54.3331972121238 6.639734218036728 6.6906470080550795 6.791649651515475
 92288 8192 27980.089 28080.94 28318.882 53.3935835461301 53.846010568022294 54.04009229563208 6.674197943266263 6.730751321002787 6.75501153695401
 101512 8192 30788.898 30821.8 31080.961 53.51097760458565 53.960917532395904 54.01858189273289 6.688872200573206 6.745114691549488 6.752322736591611
 111656 8192 32942.057 33782.005 33835.888 54.06602315269515 54.15225958317158 55.53301981111865 6.758252894086894 6.769032447896447 6.941627476389831
 122816 8192 37173.986 37621.021 37795.782 53.239203887883576 53.486516062389704 54.12971705536232 6.654900485985447 6.685814507798713 6.76621463192029
 135096 4096 20156.145 20215.034 26859.045 41.204236114873034 54.74670148959433 54.90665164395275 5.150529514359129 6.843337686199291 6.863331455494094
 148600 4096 22297.859 22546.053 22918.94 53.114637937007565 53.99309582036377 54.59408457107923 6.639329742125946 6.749136977545471 6.824260571384904
 163456 4096 24481.058 24787.903 24791.956 54.01072638237984 54.019557523684036 54.69663737572126 6.75134079779748 6.752444690460504 6.837079671965157
 179800 4096 27240.992 27414.083 28383.017 51.894469146814096 53.728647425485654 54.070042676859934 6.486808643351762 6.716080928185707 6.758755334607492
 197776 4096 29963.017 30029.058 30103.922 53.81959838987093 53.95377344171103 54.07269207903864 6.727449798733867 6.744221680213879 6.75908650987983
 217552 4096 32927.99 33046.961 33328.056 53.47404553088846 53.92889179734258 54.12374044088328 6.684255691361058 6.7411114746678225 6.76546755511041
 239304 4096 36144.972 36262.989 36672.831 53.45587767685566 54.0600326134175 54.23654410356162 6.681984709606957 6.757504076677187 6.7795680129452025
 263232 2048 20278.931 20452.023 20600.796 52.33769957238547 52.71841675515425 53.16839788053917 6.5422124465481835 6.589802094394281 6.646049735067396
 289552 2048 23267.984 23561.001 23762.941 49.90985720159807 50.33763175002623 50.9715406371261 6.238732150199759 6.292203968753279 6.371442579640762
 318504 2048 27369.976 27473.927 27510.166 47.42219236336123 47.48474377179498 47.66509053570234 5.927774045420154 5.935592971474373 5.9581363169627926
 350352 2048 31001.091 31203.985 32412.052 44.27494414731903 45.98905530816016 46.290041598858565 5.534368018414879 5.74863191352002 5.786255199857321
 385384 2048 34406.9 35164.118 36967.039 42.701090125178816 44.89044383254544 45.87838090615545 5.337636265647352 5.61130547906818 5.734797613269431
 423920 2048 37658.93 39171.934 40761.948 42.5979720105624 44.32705109734945 46.10795686441436 5.3247465013203 5.540881387168681 5.763494608051795
 466312 2048 43446.064 43602.943 43814.898 43.59279695230604 43.80470263211362 43.96287663711033 5.449099619038255 5.475587829014202 5.495359579638791
 512936 2048 47815.084 48200.13 48324.108 43.476971287292045 43.58880061111868 43.93981313511861 5.434621410911506 5.448600076389835 5.4924766418898265
 564224 1024 26067.019 26159.048 26433.945 43.713897112216884 44.17327236067613 44.32922506405508 5.4642371390271105 5.521659045084516 5.541153133006885
 620640 1024 28243.065 29017.925 29078.007 43.712442878220635 43.802950073101364 45.004701862209366 5.464055359777579 5.4753687591376705 5.625587732776171
 682704 1024 31726.122 32037.973 32215.834 43.400328919003 43.64126881560203 44.07023940713586 5.425041114875375 5.455158601950254 5.508779925891982
 750968 1024 35070.896 35461.903 36116.123 42.58437330053395 43.36999241129276 43.85352641118722 5.323046662566743 5.421249051411595 5.481690801398402
 826064 1024 37719.965 38597.107 38814.068 43.5867498351371 43.83175847868598 44.85102443758896 5.448343729392137 5.478969809835747 5.60637805469862
 908664 1024 41929.007 42510.033 42919.874 43.35855860154668 43.77658027223832 44.38320878908485 5.419819825193335 5.47207253402979 5.547901098635606
 999528 1024 46041.965 46697.14 47122.955 43.440258447289644 43.836375075647034 44.46016463458934 5.4300323059112054 5.479546884455879 5.5575205793236675
 1099480 512 25226.116 25518.179 25779.009 43.673809183277754 44.12021406386404 44.631029207984284 5.459226147909719 5.515026757983005 5.5788786509980355
 1209424 512 27847.052 28249.979 28316.021 43.73673038312833 43.838976871451834 44.473295629282404 5.4670912978910415 5.479872108931479 5.5591619536603005
 1330360 512 30246.019 31149.864 31493.902 43.25563215380553 43.73337360317207 45.04026265407028 5.406954019225691 5.466671700396509 5.630032831758785
 1463392 512 33873.081 34229.04 35434.008 42.290259910761435 43.7790077665047 44.23906428824706 5.286282488845179 5.472375970813087 5.529883036030882
 1609728 512 37321.091 37532.091 37867.069 43.5302101675733 43.91872203443181 44.167022662869094 5.441276270946663 5.489840254303976 5.520877832858637
 1770696 512 40452.957 41177.034 41343.927 43.85632511396413 44.03407744229465 44.82225376008977 5.4820406392455165 5.5042596802868315 5.6027817200112215
 1947760 512 45526.981 45641.899 46283.007 43.09370478024472 43.69901962229924 43.809323530589474 5.38671309753059 5.462377452787405 5.476165441323684
 2142536 256 24804.115 25001.049 25089.025 43.723438116865836 43.877296188651925 44.22566304018506 5.4654297646082295 5.484662023581491 5.528207880023133
 2356784 256 27267.933 27464.867 27954.102 43.16623757042884 43.93516298476887 44.25247076850306 5.395779696303605 5.491895373096109 5.531558846062882
 2592456 256 29794.931 30214.071 30412.912 43.643879678473404 43.9311032267052 44.54910373848491 5.4554849598091755 5.49138790333815 5.568637967310614
 2851696 256 33026.934 33492.088 34646.988 42.14127796621167 43.59442600294135 44.208413411914044 5.2676597457764585 5.449303250367668 5.5260516764892555
 3136864 256 37057.877 37292.004 38677.931 41.52430925015095 43.06752643274413 43.33962164103464 5.190538656268869 5.383440804093016 5.41745270512933
 3450544 256 40687.084 43284.893 47336.102 37.32201117869824 40.81512984218305 43.42111437624774 4.66525139733728 5.101891230272881 5.427639297030968
 3795592 256 47237.158 49947.977 50440.073 38.527761528021585 38.90734361473739 41.14013599209334 4.815970191002698 4.863417951842174 5.142516999011668
 4175144 256 54913.998 56725.025 56992.054 37.50827664502143 37.68484417591707 38.92766518292841 4.688534580627679 4.710605521989634 4.865958147866051
 4592656 128 31553.984 31854.868 33227.921 35.3834937792226 36.90864253463552 37.260586048341786 4.422936722402825 4.61358031682944 4.657573256042723
 5051920 128 36053.181 36444.902 36548.853 35.385283363064765 35.48621203591108 35.87177286797523 4.423160420383096 4.435776504488885 4.483971608496904
 5557112 128 41010.141 41600.227 43071.032 33.02963978202333 34.19742570154726 34.68948502274108 4.128704972752916 4.2746782126934075 4.336185627842635
 6112816 128 46472.073 46726.942 48381.09 32.34488714495684 33.48990601610523 33.673576300329884 4.043110893119605 4.186238252013154 4.2091970375412355
 6724096 128 52793.026 53146.839 53920.031 31.924473040455037 32.38891735404997 32.60598428284827 3.9905591300568797 4.048614669256247 4.075748035356034
 7396504 128 59283.972 59461.117 63925.028 29.6207148161124 31.84442404605349 31.93957759780333 3.70258935201405 3.9805530057566862 3.992447199725416
 8136152 128 65213.203 66994.905 67477.942 30.867196750013512 31.08975095941998 31.93915980480211 3.858399593751689 3.8862188699274975 3.9923949756002637
 8949760 64 36595.106 37166.119 37210.941 30.785818611789473 30.822946027805592 31.303892930382546 3.848227326473684 3.852868253475699 3.912986616297818
 9844736 64 40677.071 40863.991 41502.953 30.362326459035334 30.83708118475261 30.978784288573774 3.7952908073794167 3.854635148094076 3.8723480360717217
 10829208 64 44530.153 45251.131 45721.054 30.317293735179422 30.632132133890753 31.12809030770678 3.789661716897428 3.829016516736344 3.8910112884633477
 11912128 64 49682.856 50289.869 51487.923 29.613786984571114 30.31927531964738 30.68970882028199 3.701723373071389 3.7899094149559227 3.8362136025352487
 13103336 64 54879.904 55460.93 55679.083 30.123107595001162 30.241595443855704 30.561770078898096 3.7653884493751453 3.780199430481963 3.820221259862262
 14413664 64 60926.914 61100.96 61601.877 29.94955806297915 30.195090093510807 30.28134646701456 3.743694757872394 3.774386261688851 3.78516830837682
 15855024 64 67003.012 67306.995 68122.864 29.790924116167513 30.152038016256707 30.28883346318819 3.723865514520939 3.7690047520320884 3.786104182898524
 17440520 32 36645.889 36949.158 37507.057 29.75955378210559 30.20889623519973 30.458894857210314 3.719944222763199 3.7761120293999664 3.8073618571512893
 19184568 32 40381.908 41006.088 41324.139 29.71174673475955 29.942196680648976 30.40501087764352 3.713968341844944 3.742774585081122 3.80062635970544
 21103024 32 44605.017 45644.045 45777.798 29.503243821382586 29.58969863429063 30.27896023445076 3.6879054776728233 3.698712329286329 3.784870029306345
 23213320 32 48486.948 49168.11 49671.888 29.909321747544606 30.215773597968276 30.64025560033187 3.7386652184430758 3.7769716997460345 3.8300319500414837
 25534648 32 54193.974 54314.852 55783.987 29.295458426089194 30.087856485367944 30.1549665281974 3.6619323032611493 3.760982060670993 3.769370816024675
 28088112 32 59638.023 60335.875 60849.905 29.542185283608905 29.793869203023906 30.142501001416495 3.692773160451113 3.7242336503779883 3.767812625177062
 30896920 32 66078.186 66802.979 67084.074 29.476487668295164 29.600519461864113 29.925199217787245 3.6845609585368955 3.700064932733014 3.7406499022234057
 33986608 16 36448.956 36613.941 37157.059 29.269578520732765 29.70375289565251 29.83820595574809 3.6586973150915956 3.7129691119565638 3.7297757444685113
 37385264 16 40470.123 40769.815 41032.076 29.15593273906005 29.34348483062776 29.560781122409736 3.644491592382506 3.66793560382847 3.695097640301217
 41123784 16 44811.01 44960.976 45142.889 29.151016187732242 29.268961776986334 29.366914247190586 3.6438770234665303 3.6586202221232917 3.670864280898823
 45236160 16 49612.045 50712.109 51560.879 28.074717655608623 28.544604997595346 29.177533802527186 3.509339706951078 3.5680756246994183 3.6471917253158983
 49759776 16 56875.944 57387.829 57914.972 27.49397568559646 27.746524999229365 27.996244457938136 3.4367469606995575 3.4683156249036706 3.499530557242267
 54735752 16 65150.023 65832.853 69324.017 25.266049773197647 26.605926739951556 26.88478043975518 3.158256221649706 3.3257408424939445 3.3605975549693974
 60209320 16 76951.981 78169.823 79071.045 24.36667227554663 24.64759629812645 25.03766914070737 3.045834034443329 3.0809495372658064 3.129708642588421
 66230248 16 90858.936 91864.109 107929.945 19.636514555807473 23.070685157355634 23.325916297324902 2.454564319475934 2.883835644669454 2.9157395371656127
 72853272 8 54854.87 55475.95 56988.955 20.45400467511643 21.011850216174757 21.24975142589892 2.5567505843895537 2.6264812770218446 2.656218928237365
 80138592 8 65249.92 66308.022 69266.081 18.511477096560434 19.337290320619125 19.650866575775108 2.313934637070054 2.4171612900773907 2.4563583219718885
 88152448 8 77561.855 78035.116 82503.08 17.095594103880725 18.07441624101642 18.18470133289102 2.1369492629850906 2.2593020301270523 2.2730876666113775
 96967688 8 89955.091 90468.884 95566.988 16.234507757009148 17.14935499812289 17.247306303097396 2.0293134696261435 2.1436693747653615 2.1559132878871745
 106664456 8 103230.0 103859.186 108008.146 15.800949828358318 16.43216514329315 16.53231905453841 1.9751187285447898 2.054020642911644 2.066539881817301
 117330896 8 116759.062 117752.79 117865.801 15.927387928242222 15.942673935793794 16.07836088988108 1.9909234910302778 1.9928342419742242 2.009795111235135
 129063984 8 130908.966 131661.177 131783.962 15.669765217712909 15.684378577293138 15.774501984837311 1.9587206522141136 1.9605473221616423 1.971812748104664
 141970376 4 72630.167 73077.917 74798.107 15.18438171169225 15.541808724515231 15.637620769893042 1.8980477139615313 1.942726090564404 1.9547025962366302
 156167408 4 79819.918 80077.171 80339.909 15.550668149250704 15.601690823967795 15.651973784287776 1.943833518656338 1.9502113529959744 1.956496723035972
 171784144 4 87717.056 87919.95 87996.96 15.617279869668222 15.63095920777935 15.667114409311685 1.9521599837085277 1.9538699009724187 1.9583893011639606
 188962552 4 95871.21 96230.984 96438.169 15.675333031260685 15.709081973016094 15.76803313528639 1.9594166289075856 1.9636352466270117 1.9710041419107986
 207858800 4 105037.928 105417.967 105931.044 15.697668381329276 15.77407008807142 15.831142442185266 1.9622085476661595 1.9717587610089276 1.9788928052731583
 228644680 4 115547.18 115623.951 116171.122 15.74537121196092 15.819883546446185 15.83039447609193 1.968171401495115 1.9774854433057731 1.9787993095114913
 251509144 4 126435.041 126520.872 127698.183 15.756474404964715 15.903092669168451 15.913888555625968 1.9695593006205894 1.9878865836460564 1.989236069453246
 276660056 2 69118.023 69298.983 70008.993 15.807115294459383 15.969068752423105 16.010877857429456 1.9758894118074228 1.9961335940528881 2.001359732178682
 304326056 2 75677.156 75994.968 77439.07 15.719509854650887 16.018221416975926 16.085491161956455 1.964938731831361 2.002277677121991 2.010686395244557
 334758656 2 82977.057 83310.127 84414.959 15.86252768303779 16.072891402506205 16.137408006649355 1.9828159603797237 2.0091114253132756 2.0171760008311694
 368234520 2 90792.179 91483.116 94935.894 15.515080945042767 16.100654901173243 16.223182395479242 1.9393851181303459 2.0125818626466554 2.0278977994349052
 405057968 2 99312.067 100102.901 100712.061 16.087764026594588 16.185663510391173 16.314551906366024 2.0109705033243235 2.0232079387988966 2.039318988295753
 445563760 2 109503.031 109659.91 110221.148 16.16981017109348 16.25256705025565 16.275851213652707 2.021226271386685 2.031570881281956 2.0344814017065884
 490120136 2 119849.92 120444.059 122473.955 16.007326161713323 16.277104576822673 16.357796016885118 2.0009157702141653 2.034638072102834 2.0447245021106397
 539132144 1 65857.172 65979.958 66346.169 16.252095701260462 16.342300308830144 16.372769362158458 2.0315119626575577 2.042787538603768 2.0465961702698072
 593045352 1 72443.962 72639.942 72729.826 16.3081746407588 16.328354226934817 16.372526726243933 2.03852183009485 2.041044278366852 2.0465658407804916
 652349880 1 79391.003 79734.087 80027.819 16.303077808480573 16.363136634398288 16.43384905969761 2.0378847260600716 2.045392079299786 2.0542311324622013
 717584864 1 87328.911 87636.948 88274.002 16.25812465146873 16.37630886004839 16.434073339125916 2.0322655814335913 2.0470386075060487 2.0542591673907395
 789343344 1 95885.992 96375.942 96656.084 16.333029672503592 16.380505915055025 16.464205616186355 2.041628709062949 2.047563239381878 2.0580257020232944
 868277672 1 105673.075 106031.179 106140.852 16.36085740106929 16.37778019991648 16.43328107940457 2.045107175133661 2.04722252498956 2.054160134925571
 955105432 1 116322.041 116528.034 117265.94 16.289562544759374 16.392715112656923 16.421744731937775 2.0361953180949217 2.0490893890821154 2.052718091492222
 1050615968 1 127707.005 127784.967 128066.063 16.40740635557759 16.44349867852609 16.45353703189578 2.0509257944471986 2.0554373348157613 2.0566921289869726
 
META_DATA
 FLOPS          2
 ERT_VERSION  1.1.0
 HOSTNAME  ('daniels-mbp-2.gha.chartermi.net', ['116.1.168.192.in-addr.arpa'], ['192.168.1.116'])
 UNAME  uname_result(system='Darwin', node='Daniels-MBP-2.gha.chartermi.net', release='21.6.0', version='Darwin Kernel Version 21.6.0: Mon Aug 22 20:17:10 PDT 2022; root:xnu-8020.140.49~2/RELEASE_X86_64', machine='x86_64', processor='i386')
 TIMESTAMP_DATA  1705795187.445763
 CONFIG  {'ERT_RESULTS': ['./'], 'ERT_DRIVER': ['driver1'], 'ERT_KERNEL': ['kernel1'], 'ERT_FLOPS': ['1-8'], 'ERT_ALIGN': ['32'], 'ERT_SPEC_GBYTES_L1': ['28.8'], 'ERT_SPEC_GBYTES_L2': ['115.2'], 'ERT_SPEC_GBYTES_L3': ['230.4'], 'ERT_CC': ['g++'], 'ERT_CFLAGS': ['-O3'], 'ERT_LD': ['g++'], 'ERT_LDFLAGS': [], 'ERT_LDLIBS': [], 'ERT_RUN': ['./ERT_CODE'], 'ERT_NUM_EXPERIMENTS': ['5'], 'ERT_MEMORY_MAX': ['1073741824'], 'ERT_WORKING_SET_MIN': ['8'], 'ERT_TRIALS_MIN': ['1'], 'ERT_GNUPLOT': ['gnuplot'], 'ERT_MPI': [False], 'ERT_OPENMP': [False], 'ERT_GPU': [False], 'ERT_HIP': [False], 'ERT_PRECISION': ['FP64'], 'ERT_OCL': [False], 'ERT_SYCL': [False], 'ERT_WSS_MULT': [1.1]}
 TIMESTAMP_DATA  1705795219.734934
 TIMESTAMP_DATA  1705795251.58353
 TIMESTAMP_DATA  1705795283.4175549
 TIMESTAMP_DATA  1705795315.236296
 