fp64
 64 16777216 101635.933 336187.84 506011.009 4.2439464948479015 6.387749324901222 21.12917729598645 1.0609866237119754 1.5969373312253055 5.282294323996613
 72 8388608 53647.041 207158.089 210639.0 5.734738353296398 5.831100092837794 22.516797375646494 1.4336845883240994 1.4577750232094484 5.6291993439116235
 80 8388608 56670.904 242907.047 243580.103 5.510209017359681 5.525476912162207 23.683710427488503 1.3775522543399203 1.3813692280405518 5.920927606872126
 88 8388608 59409.142 275791.168 284350.157 5.192172297622469 5.353307789754891 24.85131005595065 1.2980430744056173 1.3383269474387227 6.212827513987662
 96 8388608 63723.087 312884.092 316119.909 5.094942425786919 5.147633827289628 25.27518379641589 1.2737356064467298 1.286908456822407 6.318795949103973
 104 8388608 68418.98 348762.989 363249.063 4.803399765411094 5.002911773989871 25.502140838697102 1.2008499413527736 1.2507279434974679 6.3755352096742754
 112 8388608 73948.86 386552.095 394502.878 4.763078539568981 4.861047750885945 25.4101035769855 1.1907696348922452 1.2152619377214862 6.352525894246375
 120 8388608 79635.859 424464.941 431093.931 4.6701328300536895 4.743067625931443 25.280896637279945 1.1675332075134224 1.1857669064828606 6.320224159319986
 128 8388608 66139.936 87612.867 88310.957 24.317295621652026 24.511053245181444 32.46878932571087 6.079323905413006 6.127763311295361 8.117197331427718
 136 4194304 33996.82 48806.906 52683.115 21.654958861107588 23.37477995429581 33.55757061984033 5.413739715276897 5.843694988573953 8.389392654960082
 144 4194304 35382.032 65748.93 67770.004 17.824398416739065 18.37230738203648 34.140479891036215 4.456099604184766 4.59307684550912 8.535119972759054
 152 4194304 38572.073 85498.095 95486.879 13.353336388761853 14.913413170199876 33.056777010662614 3.3383340971904634 3.728353292549969 8.264194252665654
 160 4194304 41293.144 102316.141 105192.9 12.759200288232382 13.117942749619536 32.503634985991866 3.1898000720580955 3.279485687404884 8.125908746497966
 176 4194304 45289.993 138354.063 148478.031 9.943524964982867 10.671135895734409 32.59870249924746 2.4858812412457167 2.6677839739336022 8.149675624811865
 192 4194304 53427.935 113482.952 118719.816 13.566502966952037 14.192552340372675 30.14551724673619 3.391625741738009 3.5481380850931687 7.536379311684048
 208 4194304 54977.894 147493.839 160283.804 10.885881295904358 11.82985320491929 31.736946198775822 2.7214703239760896 2.9574633012298226 7.9342365496939555
 224 4194304 60184.956 185448.885 202043.056 9.300236440692126 10.132431866603026 31.221227311356678 2.3250591101730316 2.5331079666507565 7.8053068278391695
 240 4194304 64741.85 219854.832 234238.863 8.594926965641903 9.157251181088437 31.096824079015345 2.148731741410476 2.2893127952721093 7.774206019753836
 264 2097152 29504.061 43060.064 44330.835 24.97801487384571 25.71515583441771 37.530299845841554 6.244503718461427 6.428788958604428 9.382574961460389
 288 2097152 33972.979 68582.773 68722.01 17.57747702664692 17.613162885671013 35.55648010732294 4.39436925666173 4.403290721417753 8.889120026830735
 312 2097152 38323.879 97079.992 97429.037 13.431548625488313 13.479840913048282 34.14640903129874 3.3578871563720782 3.3699602282620704 8.536602257824685
 336 2097152 41013.002 90528.011 100041.866 14.08696379173895 15.567404258997803 34.36193585634136 3.5217409479347377 3.8918510647494506 8.59048396408534
 368 2097152 45965.195 127197.981 130444.05 11.832688972781817 12.13465701157631 33.57983952858244 2.9581722431954542 3.0336642528940776 8.39495988214561
 400 2097152 44130.087 68686.962 69226.98 24.235082911315793 24.425619522959828 38.01763635770761 6.058770727828948 6.106404880739957 9.504409089426902
 440 2097152 51221.132 115911.007 126394.987 14.601004389517444 15.92164374863899 36.02992920968635 3.650251097379361 3.9804109371597476 9.007482302421588
 480 2097152 55510.044 128225.088 132610.083 15.181846466380687 15.701029739203607 36.26849800371262 3.795461616595172 3.9252574348009017 9.067124500928156
 528 1048576 28694.868 44316.053 46257.019 23.937907801624654 24.986346505181764 38.58865132259887 5.9844769504061635 6.246586626295441 9.647162830649718
 576 1048576 31399.965 57075.977 59352.875 20.352165788093668 21.16406263181443 38.47009230742773 5.088041447023417 5.291015657953608 9.617523076856932
 632 1048576 36530.972 87876.081 90916.157 14.578267578995886 15.082603239896416 36.28154389103033 3.6445668947489716 3.770650809974104 9.070385972757583
 688 1048576 37993.908 73260.069 73939.085 19.513908996845174 19.694775007651167 37.97557692670099 4.8784772492112936 4.923693751912792 9.493894231675247
 752 1048576 42386.055 93297.958 95414.162 16.528555834300573 16.903460030711496 37.207008389905596 4.132138958575143 4.225865007677874 9.301752097476399
 824 1048576 45397.997 87710.142 91999.054 18.78338062041377 19.70186353135764 38.06452623889992 4.695845155103442 4.92546588283941 9.51613155972498
 904 1048576 47449.112 70822.001 72664.976 26.089947487218605 26.768876637642585 39.954918608381966 6.522486871804651 6.692219159410646 9.988729652095492
 992 1048576 53874.969 103960.991 104256.153 19.95445567610767 20.011109590134634 38.61486739788194 4.988613919026918 5.0027773975336585 9.653716849470484
 1088 524288 28625.011 48593.998 49571.991 23.014017895710502 23.477193376844607 39.85503055352538 5.7535044739276255 5.869298344211152 9.963757638381345
 1192 524288 31521.797 54064.989 54376.841 22.98593608996153 23.11852115608495 39.65200943334544 5.746484022490383 5.779630289021237 9.91300235833636
 1304 524288 34255.028 54131.985 54529.19 25.07543398315654 25.25943033494892 39.9165665256499 6.268858495789135 6.31485758373723 9.979141631412475
 1432 524288 37600.994 59360.981 60185.909 24.948710702367226 25.295418079428302 39.93407280669229 6.2371776755918065 6.3238545198570755 9.983518201673073
 1568 524288 41399.002 67337.036 69517.136 23.651250074514007 24.416981584992847 39.71514018622961 5.912812518628502 6.104245396248212 9.928785046557403
 1720 524288 45815.945 78732.014 81928.015 22.013846179478413 22.907463284249282 39.36513194260208 5.503461544869603 5.7268658210623204 9.84128298565052
 1888 524288 49692.154 86854.935 90198.04 21.94849786092913 22.793310339821222 39.839518488170185 5.487124465232283 5.6983275849553054 9.959879622042546
 2072 262144 26877.165 42180.061 43860.912 24.767490835575877 25.75446099994971 40.41812951626408 6.191872708893969 6.438615249987428 10.10453237906602
 2272 262144 29677.868 50751.925 53784.132 22.147467881419004 23.470682855871967 40.137058901939994 5.536866970354751 5.867670713967992 10.034264725484999
 2496 262144 31970.024 51276.922 53022.861 24.680351518564795 25.520698141748838 40.93280780771387 6.170087879641199 6.3801745354372095 10.233201951928468
 2744 262144 35477.877 59531.212 62368.87 23.066736209907283 24.166252015833308 40.550517495734034 5.766684052476821 6.041563003958327 10.137629373933509
 3016 262144 38862.944 63024.998 64195.871 24.631687106480726 25.08929247407513 40.68792647309478 6.1579217766201815 6.272323118518782 10.171981618273694
 3312 262144 43130.875 73359.013 75636.864 22.95761304963675 23.670463723387336 40.25983372699951 5.739403262409187 5.917615930846834 10.064958431749877
 3640 262144 46690.941 77455.997 78675.985 24.256554525501013 24.638612811348874 40.8732032194425 6.064138631375253 6.159653202837219 10.218300804860625
 4000 262144 51465.034 80760.002 83922.863 24.989042616432187 25.967706142454034 40.749064695070444 6.247260654108047 6.4919265356135085 10.187266173767611
 4400 131072 28887.033 45743.942 47854.9 24.10272720243904 25.215002240078043 39.929112830660046 6.02568180060976 6.303750560019511 9.982278207665011
 4840 131072 31763.792 51099.062 54254.055 23.385845721577862 24.829750495224356 39.94412757771491 5.8464614303944655 6.207437623806089 9.986031894428727
 5320 131072 34678.936 54153.919 56349.039 24.749420837505323 25.7526344492261 40.21478859674357 6.187355209376331 6.438158612306525 10.053697149185892
 5848 131072 37328.005 59695.005 60590.982 25.301093684205348 25.680844017016163 41.06884662065385 6.325273421051337 6.420211004254041 10.267211655163463
 6432 131072 41189.194 64646.959 69152.117 24.38262603008958 26.081817831523985 40.93574173847636 6.095656507522395 6.520454457880996 10.23393543461909
 7072 131072 44981.956 70793.152 74027.061 25.04330636603282 26.187312128721153 41.213911818330004 6.260826591508205 6.546828032180288 10.303477954582501
 7776 131072 49793.959 79468.012 90317.011 22.569743190460542 25.650971915592905 40.93733024923766 5.642435797615136 6.412742978898226 10.234332562309415
 8552 65536 27210.951 43817.997 46974.897 23.862271459584043 25.58144645452415 41.193993697610935 5.965567864896011 6.395361613631038 10.298498424402734
 9400 65536 29785.156 47837.973 51781.178 23.793912143134328 25.75520497074573 41.36546405867406 5.948478035783582 6.4388012426864325 10.341366014668514
 10336 65536 33133.984 51942.825 56668.997 23.906549678301168 26.08175800988876 40.887331629060974 5.976637419575292 6.52043950247219 10.221832907265243
 11368 65536 35862.923 57482.958 60271.025 24.722103133304934 25.921186867245073 41.547826316332326 6.1805257833262335 6.480296716811268 10.386956579083082
 12504 65536 39795.876 62671.9 68150.043 24.048763813692673 26.150863273652146 41.183269542803885 6.012190953423168 6.537715818413036 10.295817385700971
 13752 65536 43832.064 68855.047 71108.818 25.348503810033797 26.17821383521821 41.12291276085014 6.337125952508449 6.544553458804552 10.280728190212535
 15120 65536 47989.13 73894.978 74362.993 26.650469004118754 26.819260166773443 41.297032057051254 6.662617251029689 6.704815041693361 10.324258014262814
 16632 32768 26263.952 41870.832 42843.103 25.441545445482788 26.032316530036944 41.50155132784281 6.360386361370697 6.508079132509236 10.375387831960703
 18288 32768 29176.95 45859.098 47685.862 25.13370457684082 26.134887520029285 41.0777126464555 6.283426144210205 6.533721880007321 10.269428161613876
 20112 32768 31711.817 48868.179 49021.006 26.887657752270528 26.971744373777465 41.56368687420213 6.721914438067632 6.742936093444366 10.390921718550533
 22120 32768 35070.896 54561.853 54980.04 26.366956444556973 26.569044859968376 41.335023775839666 6.591739111139243 6.642261214992094 10.333755943959916
 24328 32768 38862.228 59493.065 79256.058 20.11656708942047 26.799086717082066 41.025949618740334 5.029141772355118 6.699771679270516 10.256487404685084
 26760 32768 42208.91 65505.028 72652.102 24.13892112853115 26.772652627520444 41.54912694973644 6.034730282132787 6.693163156880111 10.38728173743411
 29432 32768 46418.905 73527.813 84121.943 22.92927960544135 26.23300589669381 41.55323250300713 5.732319901360338 6.558251474173453 10.388308125751783
 32368 32768 51303.864 80068.827 90609.074 23.41122311877947 26.49307261613811 41.34716340274097 5.852805779694868 6.623268154034528 10.336790850685242
 35600 16384 29942.036 43591.022 47315.836 24.654341941670438 26.761033499054 38.95996918846801 6.1635854854176095 6.6902583747635 9.739992297117002
 39160 16384 33009.052 48580.17 51782.131 24.7806502980729 26.413964380939795 38.874030069085286 6.195162574518225 6.603491095234949 9.718507517271322
 43072 16384 36746.979 53020.0 55277.109 25.53287104794138 26.61982829121086 38.40814495254154 6.383217761985345 6.654957072802715 9.602036238135385
 47376 16384 40523.052 57893.991 63660.145 24.386007414843306 26.81481689524566 38.3094730377169 6.096501853710826 6.703704223811415 9.577368259429225
 52112 16384 44513.941 64086.914 67306.995 25.37040936086955 26.645159041360614 38.36115108298319 6.342602340217388 6.6612897603401535 9.590287770745798
 57320 16384 48816.919 70506.096 79398.87 23.656026338913893 26.63970729566419 38.475630959012385 5.914006584728473 6.659926823916048 9.618907739753096
 63048 16384 53444.862 77224.016 79585.075 25.959099290916043 26.75277680456297 38.6558555245217 6.489774822729011 6.6881942011407425 9.663963881130424
 69352 8192 29609.919 42415.857 48537.016 23.41023947578483 26.78864104997336 38.37440987258357 5.852559868946208 6.69716026249334 9.593602468145892
 76280 8192 31826.973 47289.848 47605.038 26.25292558321243 26.42790308820616 39.26768404899831 6.563231395803108 6.60697577205154 9.816921012249578
 83904 8192 35480.022 51342.964 53395.033 25.745524607129656 26.77451843255485 38.745272931341475 6.436381151782414 6.693629608138712 9.686318232835369
 92288 8192 39247.99 56709.051 58047.056 26.048635300298432 26.663232153188385 38.52545294676237 6.512158825074608 6.665808038297096 9.631363236690593
 101512 8192 42975.903 62114.0 64764.977 25.68012350255293 26.77613111375857 38.70012011149598 6.420030875638233 6.6940327784396425 9.675030027873994
 111656 8192 47815.8 68416.119 68521.976 26.697594126590865 26.738902041491126 38.25873255283818 6.674398531647716 6.684725510372782 9.564683138209546
 122816 8192 52179.098 75080.872 79151.869 25.42223411047944 26.80066560761308 38.56366670040943 6.35555852761986 6.70016640190327 9.640916675102357
 135096 4096 28701.067 41980.028 43097.019 25.679419544075657 26.36268922926874 38.55976615782263 6.419854886018914 6.590672307317185 9.639941539455657
 148600 4096 31592.846 45510.054 51612.854 23.585814494970577 26.748621304646225 38.53186256154321 5.896453623742644 6.687155326161556 9.632965640385802
 163456 4096 34734.011 50234.079 57305.098 23.36670904916697 26.655839594471313 38.551019978660115 5.841677262291743 6.663959898617828 9.637754994665029
 179800 4096 38270.95 55751.801 63030.005 23.368578187483884 26.41926491307429 38.486674618738235 5.842144546870971 6.6048162282685725 9.621668654684559
 197776 4096 42070.866 60388.803 89616.06 18.079136619039044 26.829162220685184 38.51075925083168 4.519784154759761 6.707290555171296 9.62768981270792
 217552 4096 46237.946 66488.028 71041.822 25.08643407259459 26.80461486991312 38.54379656051331 6.271608518148647 6.70115371747828 9.635949140128327
 239304 4096 50964.832 73936.939 82070.827 23.886421517355977 26.514194319026384 38.4653160045735 5.971605379338994 6.628548579756596 9.616329001143376
 263232 2048 28941.154 40910.006 41491.985 25.98569993698783 26.355368219696672 37.25484726697491 6.496424984246958 6.588842054924168 9.313711816743728
 289552 2048 32505.989 45022.011 47127.008 25.166142353021858 26.342781356434745 36.48573781280736 6.291535588255464 6.585695339108686 9.12143445320184
 318504 2048 37229.061 50496.101 52611.113 24.79689764403958 25.835507260253618 35.04231234840975 6.199224411009895 6.458876815063404 8.760578087102438
 350352 2048 42207.003 55529.118 58152.914 24.677040122185453 25.843050343425226 34.0000874262501 6.169260030546363 6.4607625858563065 8.500021856562524
 385384 2048 46314.955 61193.943 76302.052 20.687947736975673 25.795573656693442 34.08257363091467 5.171986934243918 6.4488934141733605 8.520643407728668
 423920 2048 51891.088 68112.85 93739.033 18.523514318736357 25.492639347788266 33.46193704784143 4.630878579684089 6.373159836947067 8.365484261960358
 466312 2048 56964.159 75209.856 104072.094 18.352796399003942 25.39579323220616 33.530100075733586 4.588199099750986 6.34894830805154 8.382525018933396
 512936 2048 62927.008 82257.986 97033.978 21.652063527685115 25.54142106032112 33.38766489581071 5.413015881921279 6.38535526508028 8.346916223952677
 564224 1024 34672.976 45464.039 47367.096 24.39522051341294 25.41636813218465 33.326552413614564 6.098805128353235 6.354092033046163 8.331638103403641
 620640 1024 38222.075 49868.107 52775.145 24.084646664637305 25.488649889998833 33.25488529861344 6.021161666159326 6.372162472499708 8.31372132465336
 682704 1024 42128.801 54687.977 56864.023 24.588091349076727 25.566456627203454 33.188169584982965 6.147022837269182 6.3916141568008635 8.297042396245741
 750968 1024 45260.906 59836.864 62222.004 24.717662002657452 25.702925607866078 33.98037290725024 6.179415500664363 6.4257314019665195 8.49509322681256
 826064 1024 50384.045 66468.0 85706.949 19.73911207596481 25.45253463320696 33.57767467856144 4.934778018991203 6.36313365830174 8.39441866964036
 908664 1024 55551.052 72988.987 101346.016 18.36227949996574 25.49622824605033 33.49970531611174 4.590569874991435 6.374057061512582 8.374926329027936
 999528 1024 61370.85 80302.0 82509.995 24.809519670919872 25.491685686533337 33.35514082011248 6.202379917729968 6.372921421633334 8.33878520502812
 1099480 512 34179.926 43895.006 50279.856 22.392019579371905 25.649102770369822 32.93943702511234 5.598004894842976 6.412275692592456 8.234859256278085
 1209424 512 37099.123 48385.143 67672.968 18.300515148086898 25.59567047264901 33.38219547669631 4.5751287870217245 6.398917618162253 8.345548869174078
 1330360 512 40570.021 53266.048 54850.101 24.836574867929595 25.575177644115815 33.578701869540566 6.209143716982399 6.393794411028954 8.394675467385142
 1463392 512 44781.923 58367.014 85222.006 17.58364392408224 25.67397756547902 33.46246225290504 4.39591098102056 6.418494391369755 8.36561556322626
 1609728 512 48793.077 64363.003 100791.931 16.354101520289355 25.610387880751926 33.782691589628584 4.088525380072339 6.4025969701879815 8.445672897407146
 1770696 512 54356.098 70702.791 106741.905 16.986699871994976 25.64527762418884 33.357668609693064 4.246674967998744 6.41131940604721 8.339417152423266
 1947760 512 59652.09 78388.214 98913.908 20.1640626715507 25.443955643637953 33.435647267346376 5.041015667887675 6.360988910909488 8.358911816836594
 2142536 256 33061.028 43152.094 43431.997 25.257379530579726 25.42120973318236 33.18040903023342 6.3143448826449315 6.35530243329559 8.295102257558355
 2356784 256 35181.046 47347.069 48843.861 24.70470972800451 25.48570446884473 34.29896336794534 6.176177432001127 6.371426117211183 8.574740841986335
 2592456 256 39622.068 52047.014 88454.962 15.005800036407228 25.5026632651779 33.499954419340256 3.751450009101807 6.375665816294475 8.374988604835064
 2851696 256 44993.877 57313.919 83786.011 17.426159027907417 25.47493484087172 32.45037879265216 4.356539756976854 6.36873371021793 8.11259469816304
 3136864 256 49852.133 63227.892 119851.112 13.400579612477856 25.401358754772343 32.21676328272654 3.350144903119464 6.350339688693086 8.054190820681635
 3450544 256 61767.101 71372.032 123902.082 14.258667001253457 24.75309275207409 28.602257502744056 3.564666750313364 6.188273188018522 7.150564375686014
 3795592 256 63190.937 80760.956 210941.076 9.212729643988352 24.062903663497988 30.753509858541896 2.303182410997088 6.015725915874497 7.688377464635474
 4175144 256 71033.955 91023.922 125672.102 17.009930557221047 23.484746438414287 30.093688687332705 4.252482639305262 5.871186609603572 7.523422171833176
 4592656 128 41204.929 51898.003 108784.914 10.807747993439603 22.654435007836426 28.53347802152505 2.701936998359901 5.6636087519591065 7.133369505381262
 5051920 128 45718.908 58018.923 68917.99 18.76565930027849 22.290857070890475 28.28789174054638 4.691414825069622 5.572714267722619 7.071972935136595
 5557112 128 51160.097 65470.219 69140.911 20.575671500770362 21.729279262071817 27.80723171811031 5.1439178751925905 5.432319815517954 6.951807929527577
 6112816 128 57772.16 72331.19 74766.874 20.9301367340836 21.634939173543252 27.087110746767994 5.2325341835209 5.408734793385813 6.7717776866919985
 6724096 128 64027.071 80231.905 84452.152 20.382767463403418 21.454913428766275 26.88501205997694 5.0956918658508545 5.363728357191569 6.721253014994235
 7396504 128 73099.136 88696.957 94938.04 19.944639935688585 21.348026900178777 25.90324766629253 4.986159983922146 5.337006725044694 6.475811916573132
 8136152 128 81696.033 97805.023 103600.025 20.10477229131943 21.295991229407512 25.49517810736294 5.026193072829858 5.323997807351878 6.373794526840735
 8949760 64 44653.893 53866.863 60297.012 18.998773604237634 21.26667892281011 25.654410019749008 4.7496934010594085 5.316669730702528 6.413602504937252
 9844736 64 49444.199 60711.145 66306.829 19.00447098744535 20.756093596982893 25.485825101545277 4.751117746861338 5.189023399245723 6.371456275386319
 10829208 64 54715.157 65651.178 75941.086 18.25281539955855 21.113690054426744 25.333722865859638 4.5632038498896375 5.278422513606686 6.3334307164649095
 11912128 64 60441.971 72286.129 142239.094 10.719643532037681 21.093291411413105 25.22671512482609 2.6799108830094203 5.273322852853276 6.306678781206522
 13103336 64 66920.042 81583.023 85499.048 19.61690857657269 20.558529781373753 25.06314936263788 4.904227144143173 5.139632445343438 6.26578734065947
 14413664 64 73803.902 92187.881 150490.999 12.2595304985649 20.012923303877653 24.997987125396158 3.064882624641225 5.003230825969413 6.249496781349039
 15855024 64 81588.03 96752.167 100517.988 20.189849721226015 20.975685970940578 24.87427471897532 5.047462430306504 5.2439214927351445 6.21856867974383
 17440520 32 44600.01 55942.059 89676.857 12.446837649539837 19.952667097934313 25.02674954557185 3.1117094123849594 4.988166774483578 6.256687386392962
 19184568 32 49006.939 61857.939 107776.88 11.392168264659357 19.84890495624175 25.05384700725748 2.8480420661648393 4.9622262390604375 6.26346175181437
 21103024 32 54257.87 65723.181 105165.958 12.84249734120237 20.549728656621173 24.89212230410077 3.2106243353005923 5.137432164155293 6.2230305760251925
 23213320 32 59438.944 75298.071 184772.015 8.040462620922328 19.730286052082263 24.99459748140882 2.010115655230582 4.932571513020566 6.248649370352205
 25534648 32 65994.024 80415.01 94869.137 17.226018109556534 20.32229395979681 24.76311297519909 4.306504527389134 5.080573489949202 6.190778243799772
 28088112 32 73021.889 93333.006 115025.997 15.628112034534244 19.260487206422987 24.61781244799077 3.907028008633561 4.815121801605747 6.154453111997692
 30896920 32 79500.914 96624.136 119024.992 16.61334184336681 20.464895851694862 24.87270624335212 4.153335460841703 5.116223962923716 6.21817656083803
 33986608 16 43838.978 63778.877 69163.084 15.72473916865824 17.052220220183557 24.808321398368367 3.93118479216456 4.263055055045889 6.202080349592092
 37385264 16 48462.868 57740.927 60719.013 19.702699185838217 20.71889923069645 24.685465333995506 4.925674796459554 5.179724807674113 6.171366333498876
 41123784 16 53947.926 63805.819 74695.11 17.617767588801996 20.624468247950862 24.393172927537563 4.404441897200499 5.1561170619877155 6.098293231884391
 45236160 16 60235.977 70687.056 85119.009 17.00627318158744 20.478390272753757 24.03143755765761 4.25156829539686 5.119597568188439 6.007859389414403
 49759776 16 66118.956 82298.04 93659.878 17.00101330475788 19.34812581198775 24.082546493928305 4.25025332618947 4.837031452996937 6.020636623482076
 54735752 16 77600.002 90416.908 95432.997 18.353652500298193 19.371864209291477 22.571443541973107 4.588413125074548 4.842966052322869 5.642860885493277
 60209320 16 88619.947 102118.015 129536.867 14.87374432176131 18.867368700811507 21.74113509681968 3.7184360804403274 4.716842175202877 5.43528377420492
 66230248 16 104787.827 116878.986 147573.948 14.361396199822478 18.133010975985027 20.225325752770885 3.5903490499556194 4.533252743996257 5.056331438192721
 72853272 8 59309.006 67721.128 77368.021 15.06633279401059 17.212535975478733 19.653884470766545 3.7665831985026474 4.303133993869683 4.913471117691636
 80138592 8 69805.145 77970.982 134137.869 9.558952155412578 16.444803426998003 18.368523867402608 2.3897380388531446 4.111200856749501 4.592130966850652
 88152448 8 82154.989 89268.923 105202.913 13.406845188782938 15.799890046841945 17.168028200941027 3.3517112971957346 3.9499725117104862 4.292007050235257
 96967688 8 92854.977 100271.94 205950.022 7.533298578623118 15.472753474202253 16.708668270953314 1.8833246446557794 3.8681883685505634 4.177167067738329
 106664456 8 104597.092 113851.07 133429.05 12.790552701979069 14.990032996615666 16.31624037884342 3.197638175494767 3.7475082491539164 4.079060094710855
 117330896 8 118663.073 126407.146 146708.965 12.796043759152688 14.851172543678821 15.820375189508196 3.199010939788172 3.7127931359197053 3.955093797377049
 129063984 8 132040.024 140872.002 164155.96 12.579645259300973 14.658865599141553 15.63937722398475 3.144911314825243 3.664716399785388 3.9098443059961876
 141970376 4 72793.961 76981.068 84443.092 13.450040507754029 14.753796452914893 15.602434493158027 3.362510126938507 3.688449113228723 3.9006086232895067
 156167408 4 80560.923 85749.149 108902.931 11.472044439281438 14.569698691703634 15.508005835533938 2.8680111098203596 3.6424246729259084 3.8770014588834845
 171784144 4 88291.168 93153.0 104752.064 13.11929426039758 14.752859832748275 15.565239232082646 3.279823565099395 3.6882149581870687 3.8913098080206616
 188962552 4 96874.952 102581.978 108913.898 13.879775159640324 14.736510695865116 15.60465718733982 3.469943789910081 3.684127673966279 3.901164296834955
 207858800 4 106385.946 112323.046 114460.945 14.527840915519263 14.804356356219188 15.630545786564705 3.631960228879816 3.701089089054797 3.907636446641176
 228644680 4 116988.897 123713.017 134068.012 13.643503865784181 14.785488902917951 15.635308024145232 3.4108759664460453 3.6963722257294878 3.908827006036308
 251509144 4 127829.075 135756.969 152330.16 13.20863282753724 14.821140799040675 15.740340388131576 3.30215820688431 3.705285199760169 3.935085097032894
 276660056 2 70145.13 74366.093 103618.145 10.679984900328025 14.88097840503736 15.776436995697349 2.669996225082006 3.72024460125934 3.9441092489243372
 304326056 2 76576.948 81665.993 83131.075 14.643191177306441 14.905888966537148 15.896483939265899 3.6607977943266103 3.726472241634287 3.9741209848164747
 334758656 2 84649.086 89902.878 95277.071 14.054111969919814 14.894235354734695 15.818654249852148 3.5135279924799536 3.7235588386836738 3.954663562463037
 368234520 2 92702.15 98675.013 105806.112 13.921105805305464 14.927163779547715 15.88893116286947 3.480276451326366 3.731790944886929 3.9722327907173676
 405057968 2 102236.986 108457.088 116780.996 13.874105612183682 14.938921022847302 15.847805529008845 3.4685264030459204 3.7347302557118254 3.961951382252211
 445563760 2 112323.999 119168.997 121340.99 14.68798828821159 14.955693887395896 15.867090344602136 3.6719970720528976 3.738923471848974 3.966772586150534
 490120136 2 123394.966 131338.835 136163.95 14.397941187810723 14.926891532119956 15.887848650162924 3.5994852969526807 3.731722883029989 3.971962162540731
 539132144 1 67590.952 71995.974 75677.156 14.248213661729041 14.976730337726938 15.952790367562804 3.5620534154322603 3.7441825844317345 3.988197591890701
 593045352 1 74022.77 79288.96 80552.101 14.724516049556547 14.95909019364108 16.023322337167333 3.6811290123891367 3.73977254841027 4.005830584291833
 652349880 1 81707.001 87063.074 110144.138 11.84538536222418 14.985684516492034 15.968028981996293 2.961346340556045 3.7464211291230085 3.992007245499073
 717584864 1 89864.969 95673.084 102956.057 13.939633760449858 15.000767906676865 15.970291248862502 3.4849084401124646 3.750191976669216 3.9925728122156254
 789343344 1 98461.866 105237.961 108651.161 14.529864876455392 15.00111436024497 16.033483338615582 3.632466219113848 3.7502785900612423 4.0083708346538955
 868277672 1 108157.158 115871.906 116989.136 14.843731677785875 14.986854052439597 16.055852207211288 3.710932919446469 3.746713513109899 4.013963051802822
 955105432 1 119040.012 127128.124 132229.09 14.446222567212708 15.02587156874902 16.046796635067544 3.611555641803177 3.756467892187255 4.011699158766886
 1050615968 1 131474.972 139863.014 142895.937 14.704630377279376 15.023499607980705 15.98199188815952 3.676157594319844 3.7558749019951763 3.99549797203988
 
META_DATA
 FLOPS          4
 ERT_VERSION  1.1.0
 HOSTNAME  ('daniels-mbp-2.gha.chartermi.net', ['116.1.168.192.in-addr.arpa'], ['192.168.1.116'])
 UNAME  uname_result(system='Darwin', node='Daniels-MBP-2.gha.chartermi.net', release='21.6.0', version='Darwin Kernel Version 21.6.0: Mon Aug 22 20:17:10 PDT 2022; root:xnu-8020.140.49~2/RELEASE_X86_64', machine='x86_64', processor='i386')
 TIMESTAMP_DATA  1705795554.019056
 CONFIG  {'ERT_RESULTS': ['./'], 'ERT_DRIVER': ['driver1'], 'ERT_KERNEL': ['kernel1'], 'ERT_FLOPS': ['1-8'], 'ERT_ALIGN': ['32'], 'ERT_SPEC_GBYTES_L1': ['28.8'], 'ERT_SPEC_GBYTES_L2': ['115.2'], 'ERT_SPEC_GBYTES_L3': ['230.4'], 'ERT_CC': ['g++'], 'ERT_CFLAGS': ['-O3'], 'ERT_LD': ['g++'], 'ERT_LDFLAGS': [], 'ERT_LDLIBS': [], 'ERT_RUN': ['./ERT_CODE'], 'ERT_NUM_EXPERIMENTS': ['5'], 'ERT_MEMORY_MAX': ['1073741824'], 'ERT_WORKING_SET_MIN': ['8'], 'ERT_TRIALS_MIN': ['1'], 'ERT_GNUPLOT': ['gnuplot'], 'ERT_MPI': [False], 'ERT_OPENMP': [False], 'ERT_GPU': [False], 'ERT_HIP': [False], 'ERT_PRECISION': ['FP64'], 'ERT_OCL': [False], 'ERT_SYCL': [False], 'ERT_WSS_MULT': [1.1]}
 TIMESTAMP_DATA  1705795590.183529
 TIMESTAMP_DATA  1705795627.591598
 TIMESTAMP_DATA  1705795676.639631
 TIMESTAMP_DATA  1705795727.744147
 