fp64
 64 16777216 101406.813 109635.115 335314.035 6.4043953543429835 19.587553203186772 21.176916860605807 1.2008241289393093 3.6726662255975193 3.9706719113635884
 72 8388608 53645.134 157830.0 206995.01 5.835694068180677 7.653548450864855 22.517597812319753 1.0941926377838769 1.4350403345371603 4.222049589809954
 80 8388608 56699.991 57353.973 242659.092 5.53112297972334 23.40164438128811 23.67156072388089 1.037085558698126 4.387808321491521 4.438417635727666
 88 8388608 59521.914 60657.024 278269.053 5.3056385253160006 24.34005018116286 24.804226020016763 0.9948072234967501 4.5637594089680364 4.650792378753143
 96 8388608 63608.885 177128.792 313314.915 5.14055558446683 9.092890646485074 25.32056230823728 0.9638541720875305 1.7049169962159512 4.74760543279449
 104 8388608 68226.099 68897.009 348431.11 5.007677024017747 25.32519900827625 25.574237565597883 0.9389394420033275 4.7484748140517965 4.795169543549602
 112 8388608 73947.906 79550.028 387924.194 4.843854085574256 23.62096204416169 25.41043139206673 0.9082226410451728 4.428930383280317 4.764455886012512
 120 8388608 79749.107 80559.015 438435.078 4.591936231890642 24.99119335061383 25.244996411056988 0.8609880434794955 4.685848753240093 4.733436827073186
 128 8388608 65439.939 65629.005 90850.115 23.63765470192305 32.72156340020697 32.816101005228624 4.432060256610572 6.135293137538806 6.1530189384803675
 136 4194304 33985.853 41760.921 112165.213 10.171163210825446 27.318618954787897 33.568399416074676 1.907093102029771 5.122241054022731 6.294074890514002
 144 4194304 35480.022 36000.013 73391.199 16.459188137803828 33.55441988312615 34.04618948657924 3.0860977758382178 6.291453728086155 6.383660528733607
 152 4194304 38596.869 38755.894 106523.037 11.96988418570905 32.89998718646511 33.03554016259713 2.244353284820447 6.168747597462208 6.194163780486962
 160 4194304 40417.91 41281.939 110355.854 12.162266262739447 32.512457324255045 33.207488462416784 2.280424924263646 6.096085748297821 6.2264040867031465
 176 4194304 45210.838 45817.852 145907.879 10.118679115334135 32.223138876086985 32.65577621012023 1.8972523341251504 6.04183853926631 6.122958039397544
 192 4194304 52511.215 53643.942 127255.201 12.656557243581737 30.024130888814994 30.671785750910544 2.3731044831715753 5.6295245416528115 5.750959828295727
 208 4194304 55427.074 56719.065 163434.029 10.676053663218447 30.76268030864049 31.47975056377683 2.001760061853459 5.7680025578700915 5.902453230708155
 224 4194304 60238.123 61204.91 219359.159 8.566080397855645 30.70093873187625 31.19367102457691 1.6061400745979335 5.756426012226797 5.848813317108171
 240 4194304 64510.107 66665.173 220139.98 9.14538976518486 30.199665423503813 31.2085348114521 1.7147605809721613 5.662437266906966 5.85160027714727
 264 2097152 29578.924 30312.061 43001.175 25.750372077042076 36.5298900658718 37.435312251385476 4.8281947644453895 6.849354387350962 7.019121047134777
 288 2097152 33318.043 33925.056 69299.936 17.430889864025268 35.60670767942137 36.255417282461636 3.268291849504738 6.676257689891508 6.797890740461558
 312 2097152 37312.031 38613.081 96215.01 13.60102595218771 33.89066125026387 35.0724099687846 2.550192366035196 6.354498984424476 6.576076869147112
 336 2097152 41198.015 41368.961 91053.963 15.477482775790879 34.06626876609253 34.20762247889856 2.9020280204607896 6.387425393642348 6.413929214793479
 368 2097152 45958.042 46727.896 127469.063 12.108850851127698 33.031743436511675 33.58506596081704 2.270409534586443 6.193451894345938 6.297199867653195
 400 2097152 44360.876 44746.876 68825.006 24.376628459720006 37.49360290537378 37.819848282527154 4.570617836197501 7.030050544757582 7.091221552973842
 440 2097152 50603.867 51691.055 116431.952 15.850406424518246 35.70238138881089 36.469421595784375 2.971951204597171 6.694196510402042 6.83801654920957
 480 2097152 55637.121 56001.186 128713.131 15.641495971378399 35.95041576440899 36.1856595707028 2.93278049463345 6.740702955826685 6.784811169506776
 528 1048576 28708.935 28858.9 45169.115 24.514455419372286 38.36931608619871 38.56974339173501 4.596460391132304 7.194246766162259 7.231826885950315
 576 1048576 31358.004 31817.913 58995.008 20.475623157810233 37.964763810875965 38.52157018667387 3.8391793420894187 7.1183932145392435 7.222794410001351
 632 1048576 36545.038 37108.183 92857.122 14.273542356826438 35.717191111189685 36.26757930857809 2.676289191904957 6.696973333348065 6.800171120358391
 688 1048576 37796.974 38018.942 76595.068 18.837251714431535 37.950571480921276 38.1734415035447 3.531984696455913 7.115732152672739 7.157520281914631
 752 1048576 42087.078 42387.962 97774.029 16.129623787928388 37.20533447680263 37.471318488777 3.0243044602365727 6.976000214400495 7.025872216645689
 824 1048576 45592.07 45941.114 92178.822 18.746749096012532 37.6145264566288 37.90249593843842 3.5150154555023496 7.052723710617901 7.106717988457203
 904 1048576 47437.906 47590.017 72063.923 26.307552088164837 39.83661968433422 39.96435694273689 4.932666016530907 7.469366190812666 7.493316926763167
 992 1048576 53442.001 53952.932 104847.193 19.841969293350562 38.55906818928765 38.927711258416394 3.72036924250323 7.229825285491435 7.298945860953074
 1088 524288 28541.803 28675.079 48835.993 23.360857800106572 39.785441846559515 39.97122003820151 4.380160837519982 7.4597703462299085 7.494603757162783
 1192 524288 31512.022 31600.952 54221.153 23.0519367966963 39.55268790636434 39.6643094498982 4.322238149380556 7.416128982443314 7.437058021855913
 1304 524288 34389.019 34760.952 54915.905 24.898854056943975 39.335605768219466 39.7610383709986 4.668535135676995 7.375426081541151 7.455194694562238
 1432 524288 37494.898 38390.875 61815.977 24.290820996002378 39.11244096416141 40.04707072412892 4.554528936750446 7.333582680780264 7.508825760774172
 1568 524288 40786.028 41147.947 69007.874 23.825790778600137 39.95745323575925 40.31201979266037 4.467335770987526 7.4920224817048595 7.55850371112382
 1720 524288 45248.985 45789.003 85189.104 21.171143201600053 39.388294171856074 39.85836853578042 3.96958935030001 7.385305157223013 7.473444100458828
 1888 524288 49746.99 49842.119 131240.129 15.084650579701885 39.719649319082926 39.79560347269252 2.8283719836941037 7.447434247328049 7.461675651129848
 2072 262144 26945.114 28700.829 47968.864 22.64645533402667 37.84994280130375 40.31620485999799 4.246210375130001 7.096864275244454 7.559288411249623
 2272 262144 29654.98 31248.808 54218.054 21.970215603828205 38.119288774151 40.16803707168239 4.119415425717788 7.147366645153313 7.531506950940448
 2496 262144 31894.922 33362.15 66870.928 19.56938369391255 39.22477562147523 41.029191041758935 3.669259442608603 7.354645429026607 7.692973320329801
 2744 262144 35434.008 35598.993 59689.045 24.102350305654916 40.412555265257076 40.60072097968708 4.519190682310297 7.577354112235702 7.612635183691328
 3016 262144 38824.797 39317.846 62347.889 25.361766586836644 40.21717283291664 40.72790407635615 4.755331235031871 7.54071990617187 7.636482014316778
 3312 262144 42987.823 43855.906 73480.129 23.631448115721188 39.594253417088225 40.393807706894115 4.430896521697723 7.423922515704041 7.573838945042647
 3640 262144 46790.838 47126.055 76483.965 24.951744068184748 40.49582168505299 40.7859401876923 4.678452012784641 7.592966565947436 7.647363785192306
 4000 262144 51380.873 80363.989 182392.12 11.498040595174835 26.095668297401215 40.81581097308331 2.1558826115952816 4.892937805762728 7.652964557453121
 4400 131072 28955.936 29046.059 46144.962 24.99587278888647 39.71050255044927 39.834098265723476 4.686726147916213 7.445719228209238 7.468893424823152
 4840 131072 31885.862 32261.848 51505.089 24.634011602232164 39.32747311933278 39.79120777729014 4.61887717541853 7.373901209874895 7.4608514582419
 5320 131072 34668.207 35408.974 54970.98 25.36986024262256 39.38566759940573 40.227234134144865 4.75684879549173 7.3848126748885745 7.542606400152162
 5848 131072 37364.96 57451.963 59983.015 25.557536779369958 26.683476628988288 41.02822837225037 4.792038146131867 5.003151867935304 7.692792819796944
 6432 131072 40946.007 41215.897 64376.831 26.19125828048293 40.90922024577071 41.17886777091598 4.910860927590549 7.6704787960820076 7.7210377070467455
 7072 131072 44855.118 45199.156 69900.99 26.521546661928532 41.01586250858312 41.33045348359133 4.9727899991116 7.690474220359336 7.749460028173375
 7776 131072 49660.921 51965.952 79285.145 25.71013452772269 39.226294632300785 41.04699838329619 4.820650223948005 7.354930243556397 7.696312196868036
 8552 65536 27210.951 27573.109 43966.055 25.495299589649335 40.65293268162107 41.193993697610935 4.78036867305925 7.622424877803949 7.72387381830205
 9400 65536 30061.96 30166.149 47891.14 25.726612479886676 40.843025737226185 40.98457984775444 4.823739839978752 7.658067325729911 7.684608721453958
 10336 65536 33282.995 34263.849 52365.065 25.871450594017215 39.53905447108409 40.70427532137658 4.850896986378227 7.413572713328266 7.632051622758107
 11368 65536 36119.938 37853.003 57478.905 25.92301464337221 39.36349504423731 41.252188638862 4.860565245632289 7.380655320794496 7.734785369786624
 12504 65536 39966.106 40068.15 62958.002 26.03202509507846 40.9034180015798 41.00785520610889 4.881004705327212 7.669390875296214 7.688972851145419
 13752 65536 43792.009 44219.017 69588.184 25.902416766616586 40.76305323567007 41.160526433030284 4.85670314374061 7.643072481688139 7.7175987061931774
 15120 65536 47974.825 48243.999 74210.882 26.70509481345337 41.07886330069777 41.30934589130862 5.007205277522507 7.702286868880831 7.745502354620366
 16632 32768 26340.008 26562.929 42245.15 25.80165420172493 41.03443381563833 41.381716816486914 4.837810162823424 7.6939563404321865 7.7590719030912965
 18288 32768 29170.036 29438.019 45814.991 26.160048094301708 40.71341784241663 41.0874490521712 4.905009017681571 7.63376584545312 7.703896697282102
 20112 32768 31702.995 32205.105 49067.974 26.861920812137058 40.92705277626016 41.575252811288024 5.036610152275698 7.673822395548781 7.795359902116504
 22120 32768 34924.984 35323.858 55464.029 26.1368736843838 41.03901448137404 41.50771608084345 4.900663815821962 7.694815215257631 7.782696765158145
 24328 32768 38684.845 38902.044 59880.018 26.625907293481447 40.9839598145537 41.214067369276 4.992357617527771 7.684492465228819 7.727637631739251
 26760 32768 42040.11 42626.858 65670.967 26.705002836337094 41.141745891756784 41.71595554816579 5.007188031813205 7.714077354704397 7.821741665281085
 29432 32768 46370.983 46525.955 73314.905 26.309187088218962 41.45762407241291 41.596175608354045 4.9329725790410555 7.773304513577421 7.7992829265663834
 32368 32768 51227.093 52309.99 79905.987 26.547062712584978 40.551895498355094 41.409127939389414 4.977574258609684 7.60348040594158 7.764211488635516
 35600 16384 29716.015 30621.052 43960.81 26.53592597588625 38.09603928695853 39.25630001196325 4.975486120478672 7.143007366304723 7.360556252243109
 39160 16384 33184.052 33385.038 48916.817 26.23218268678438 38.436226431732685 38.669023300710826 4.918534253772071 7.206792455949878 7.25044186888328
 43072 16384 36712.17 37755.966 53794.861 26.236396372508516 37.38172918155504 38.44456200763943 4.919324319845347 7.00907422154157 7.208355376432394
 47376 16384 40477.991 41065.931 58294.058 26.630789162078923 37.80303356570681 38.35211999528336 4.993272967889798 7.088068793570027 7.191022499115629
 52112 16384 44695.854 45093.06 64486.98 26.47985711224188 37.868488321706266 38.20502044775786 4.964973208545353 7.100341560319926 7.163441333954599
 57320 16384 48962.831 49971.104 70347.071 26.69992841635155 37.586957454452076 38.360971407065904 5.0062365780659155 7.047554522709764 7.192682138824857
 63048 16384 53535.938 54078.817 78813.076 26.213376876700003 38.2027007728368 38.590093704905286 4.915008164381251 7.1630063949069 7.235642569669742
 69352 8192 29444.933 29619.932 42700.052 26.610346235643927 38.361437426662555 38.589429563314 4.989439919183236 7.192769517499229 7.235518043121375
 76280 8192 32447.1 32546.997 47485.113 26.31922809154945 38.39898101812588 38.517202461853294 4.934855267165522 7.199808940898603 7.221975461597493
 83904 8192 35663.128 36176.205 51381.111 26.754640163386114 37.999650212066186 38.54634220531638 5.016495030634896 7.124934414762411 7.227439163496821
 92288 8192 39162.874 56427.002 95019.102 15.913080214123683 26.796507671982997 38.60918358545391 2.9837025401481903 5.024345188496812 7.239221922272609
 101512 8192 43370.962 62474.966 77607.155 21.430660716785713 26.621424779967068 38.34760704639201 4.018248884397321 4.991517146243825 7.190176321198502
 111656 8192 47479.153 48293.829 69062.948 26.488471126370108 37.880034403567386 38.530002925705105 4.966588336194395 7.102506450668884 7.224375548569706
 122816 8192 52110.91 52895.069 75461.149 26.66560701321948 38.04168104970238 38.61412790526974 4.999801314978652 7.132815196819196 7.240148982238076
 135096 4096 28742.075 29992.819 41999.102 26.350716546272825 36.89904680183613 38.50475068344926 4.940759352426155 6.918571275344275 7.219640753146737
 148600 4096 31647.921 31975.031 45944.929 26.495441967055825 38.07130632648957 38.46480784630372 4.967895368822966 7.138369936216793 7.212151471181947
 163456 4096 34685.85 34821.987 50025.94 26.766744452977793 38.453622764260984 38.60454773344174 5.018764584933336 7.210054268298935 7.238352700020326
 179800 4096 38041.115 38455.009 55440.903 26.567417200978852 38.30246405611295 38.71920157965927 4.981390725183535 7.181712010521179 7.259850296186113
 197776 4096 41999.102 42394.161 60925.007 26.59303743699201 38.2170788095087 38.5765627084122 4.986194519436001 7.16570227678288 7.233105507827286
 217552 4096 46202.898 46216.011 66987.038 26.604937868726186 38.562090181257744 38.573034617871805 4.98842585038616 7.230391908985828 7.232443990850964
 239304 4096 50451.994 50843.0 74182.987 26.426252801063406 38.55748811045768 38.85631097157428 4.954922400199389 7.229529020710816 7.285558307170179
 263232 2048 28301.954 28394.938 40601.969 26.55531981712513 37.97149590536173 38.09624847810861 4.979122465710962 7.1196554822553235 7.1430465896453645
 289552 2048 32088.995 32498.121 45668.125 25.97008289698778 36.49457123998031 36.959867144483646 4.869390543185209 6.842732107496308 6.929975089590683
 318504 2048 36320.925 37224.054 50759.077 25.701656946992948 35.04702588277999 35.918479058559214 4.819060677561178 6.571317353021248 6.7347148234798535
 350352 2048 41666.031 42016.983 55794.001 25.7203600078797 34.153851360532 34.441528447958 4.822567501477445 6.40384713009975 6.457786583992125
 385384 2048 46597.958 46869.993 61429.977 25.696458652426326 33.67896521768202 33.87558021319303 4.818085997329935 6.314805978315379 6.351671289973693
 423920 2048 51753.998 51966.906 67740.202 25.63287779980343 33.413117186541754 33.55057361945255 4.806164587463144 6.26495947247658 6.290732553647353
 466312 2048 57760.0 57955.027 74960.947 25.48012036187323 32.95682964654645 33.06810858725762 4.77752256785123 6.179405558727459 6.200270360110803
 512936 2048 62990.904 63095.093 83311.081 25.21856433479719 33.2987203299629 33.35379749431759 4.728480812774473 6.243510061868044 6.253837030184549
 564224 1024 34446.001 35193.92 45508.146 25.39173430620531 32.83324937943827 33.54615103216191 4.760950182413496 6.156234258644676 6.289903318530358
 620640 1024 37684.202 38314.104 50160.885 25.33987827367878 33.175008346795735 33.729537910873105 4.751227176314772 6.2203140650242 6.324288358288706
 682704 1024 41828.156 42189.121 55922.985 25.001844804958104 33.14071871751014 33.426713623235024 4.687845900929644 6.213884759533151 6.2675088043565665
 750968 1024 46113.968 46375.036 60144.901 25.571285984825213 33.164016605830774 33.351770205504764 4.794616122154728 6.218253113593271 6.253456913532143
 826064 1024 50841.093 51059.961 66592.932 25.40478427950882 33.133183787586525 33.275820250363225 4.763397052407904 6.212471960172473 6.239216296943105
 908664 1024 55172.92 56092.978 73220.015 25.415781081170223 33.176057651993446 33.72929821368889 4.765458952719417 6.220510809748771 6.324243415066666
 999528 1024 61533.928 68676.949 80914.021 25.298870562865737 29.80670186731796 33.26674260092741 4.743538230537326 5.588756600122117 6.2375142376738895
 1099480 512 32776.117 34286.022 43926.954 25.630448220926038 32.837507950032816 34.35024106119709 4.805709041423633 6.157032740631153 6.440670198974455
 1209424 512 36949.873 37136.078 48761.129 25.398308066246784 33.34897605503736 33.51703471348873 4.762182762421272 6.252933010319507 6.284444008779137
 1330360 512 40962.219 41096.21 53760.052 25.340165965613277 33.148765786431404 33.25719829777777 4.751281118552489 6.215393584955888 6.235724680833332
 1463392 512 44929.981 45513.868 58801.174 25.484413083317012 32.92432557039538 33.35219322705701 4.77832745312194 6.173311044449134 6.2535362300731885
 1609728 512 49765.11 49820.185 64806.938 25.434953769918888 33.086217403648746 33.122833889043946 4.769053831859792 6.20366576318414 6.210531354195741
 1770696 512 54422.855 70884.943 114464.998 15.840586517111543 25.57937732982306 33.31675091282881 2.9701099719584145 4.796133249341824 6.246890796155402
 1947760 512 59956.789 77953.1 102741.003 19.412952781860618 25.585977209373326 33.265728089608004 3.639928646598866 4.7973707267574985 6.237324016801501
 2142536 256 33009.052 42851.925 57440.996 19.097482780416968 25.599280125688633 33.23265484873664 3.5807780213281815 4.7998650235666185 6.23112278413812
 2356784 256 36325.932 47073.126 65822.84 18.332138327668634 25.634019036679227 33.2179614276655 3.437275936437869 4.8063785693773555 6.228367767687282
 2592456 256 38719.177 41301.966 52805.185 25.13649884949745 32.13739200695676 34.28113856862195 4.713093534280772 6.025761001304392 6.427713481616616
 2851696 256 43635.845 48089.981 58220.148 25.078403304642922 30.361175480605826 33.460297422909996 4.702200619620548 5.692720402613593 6.273805766795625
 3136864 256 49084.902 52223.921 64706.087 24.82107082135874 30.753615148889338 32.720333596672965 4.653950779004764 5.766302840416751 6.1350625493761815
 3450544 256 56408.882 58362.007 71907.043 24.56892196220612 30.27103793740335 31.319155164252322 4.606672867913647 5.675819613263128 5.87234159329731
 3795592 256 62007.189 80634.832 84609.032 22.96850653013026 24.100541364059644 31.340609618668573 4.306594974399423 4.518851505761183 5.876364303500357
 4175144 256 71031.094 72102.07 91473.103 23.369423993411488 29.64788289712071 30.094900804991124 4.381766998764653 5.558978043210132 5.6427939009358346
 4592656 128 40699.959 43663.025 51721.096 22.73192230883893 26.92712967092866 28.88749681541448 4.2622354329073 5.048836813299125 5.416405652890215
 5051920 128 46075.821 57720.9 63793.182 20.273193458197458 22.405948625194686 28.06876778169617 3.801223773412024 4.201115367224004 5.262893959068033
 5557112 128 51537.991 56883.097 65178.871 21.82640862251204 25.009550235986627 27.603339680043018 4.092451616721007 4.689290669247492 5.175626190008065
 6112816 128 57929.993 71326.971 95963.955 16.306965422590178 21.939539476588735 27.013310635131617 3.0575560167356586 4.113663651860388 5.064995744087178
 6724096 128 65901.041 66481.113 79982.996 21.521681633431186 25.892595630882415 26.120506594121938 4.035315306268347 4.854861680790453 4.897594986397864
 7396504 128 72909.117 87733.984 93351.841 20.283531676681125 21.582344009363577 25.970757868319815 3.803162189377711 4.046689501755671 4.869517100309966
 8136152 128 81057.072 96687.794 98109.007 21.23000706754682 21.54206674732904 25.696152853880537 3.980626325165028 4.039137515124194 4.8180286601026
 8949760 64 45095.921 53776.026 55999.041 20.456944610890744 21.302602018230203 25.402946754319526 3.835677114542015 3.9942378784181636 4.763052516434912
 9844736 64 49626.112 53078.89 59508.085 21.175714325204716 23.740628487144324 25.39240245135464 3.970446435975884 4.451367841339561 4.761075459628995
 10829208 64 54920.912 57967.901 65667.868 21.108323845689643 23.912175533145493 25.238812931584242 3.9578107210668083 4.48353291246478 4.732277424672045
 11912128 64 60369.968 63539.982 72664.022 20.983594659816657 23.996739312894356 25.25680291896129 3.9344239987156238 4.499388621167692 4.7356505473052435
 13103336 64 67698.002 70611.954 79900.98 20.991319605842133 23.752734671526014 24.775133068181248 3.9358724260953997 4.453637750911128 4.645337450283984
 14413664 64 73242.903 88194.132 90246.916 20.44334669563667 20.919180790848987 25.18945749597063 3.8331275054318756 3.9223463982841853 4.723023280494493
 15855024 64 82029.104 87903.976 96882.105 20.94755344137083 23.087045254926807 24.74052468011841 3.9276662702570304 4.328820985298777 4.638848377522202
 17440520 32 44863.224 53324.938 60724.02 18.381412824776753 20.931918945691038 24.879916788860292 3.4465149046456416 3.9247348023170696 4.664984397911305
 19184568 32 48477.888 49927.95 59657.097 20.581161567415858 24.591683656148508 25.32726574226996 3.8589677938904736 4.610940685527845 4.748862326675618
 21103024 32 53458.929 54841.042 65000.057 20.778343871298453 24.627422943568433 25.2641338175705 3.895939475868459 4.61764180191908 4.737025090794468
 23213320 32 59450.865 60269.117 71172.953 20.87383503674493 24.650311037409093 24.989585601487885 3.913844069389674 4.621933319514206 4.685547300278978
 25534648 32 65696.955 68958.998 78371.048 20.85231107283394 23.698393529441944 24.875087011262547 3.9098083261563628 4.443448786770364 4.664078814611727
 28088112 32 72418.213 76092.958 86351.871 20.817605307011817 23.62425137947719 24.823025776678577 3.903300995064716 4.429547133651973 4.654317333127233
 30896920 32 79965.115 80557.108 95551.968 20.69452802897791 24.5465971792334 24.728319092644337 3.880224005433358 4.602486971106262 4.636559829870813
 33986608 16 43982.983 45218.945 52824.02 20.588577999175378 24.051234631856186 24.727096295401335 3.860358374845383 4.509606493473035 4.636330555387751
 37385264 16 47886.133 48800.945 57648.897 20.75197463014774 24.5144524967703 24.982774198952335 3.890995243152701 4.596459843144431 4.684270162303562
 41123784 16 53147.078 54355.145 64084.053 20.534922908199952 24.21042364986792 24.76074202988168 3.8502980452874915 4.539454434350236 4.642639130602815
 45236160 16 59286.118 61139.822 71791.887 20.16324100799858 23.6761749159165 24.416459853215553 3.780607688999733 4.439282796734344 4.578086222477916
 49759776 16 67384.005 68766.832 80358.982 19.81499506800621 23.155244842455442 23.630427309863812 3.7153115752511643 4.341608407960395 4.430705120599464
 54735752 16 77019.93 83139.896 90243.101 19.409174159473977 21.067431501237387 22.741439313175178 3.6392201549013703 3.95014340648201 4.264019871220346
 60209320 16 87488.89 89904.07 102051.02 18.879754852033813 21.430600861562773 22.022204647927296 3.5399540347563403 4.01823766154302 4.129163371486368
 66230248 16 102624.893 103544.95 118770.838 17.844177676004946 20.468095604855673 20.651597035039057 3.3457833142509275 3.837767925910438 3.8721744440698225
 72853272 8 60106.993 65766.096 67853.928 17.178848540647493 17.724213886741882 19.392957355228198 3.221034101371405 3.323290103764103 3.636179504105287
 80138592 8 70881.128 71524.143 77998.877 16.438922216790377 17.927058168316677 18.089687737475057 3.082297915648196 3.361323406559377 3.3918164507765733
 88152448 8 80817.938 82695.961 88997.126 15.848142871490028 17.055720145751735 17.45205585423375 2.97152678840438 3.197947527328451 3.272260472668828
 96967688 8 92350.96 94534.874 100573.063 15.426426935013405 16.41175306374238 16.79985793325808 2.8924550503150135 3.077203699451697 3.1499733624858903
 106664456 8 104687.929 113270.998 113696.098 15.010464967759933 15.066798440320971 16.30208288865854 2.8144621814549873 2.825024707560182 3.056640541623476
 117330896 8 119353.056 126093.864 132931.948 14.122220912613123 14.888070493263653 15.728917205102817 2.64791642111496 2.791513217486935 2.9491719759567783
 129063984 8 131755.114 139708.042 165311.098 12.491742956059731 14.78099409624537 15.67319613870927 2.3422018042612 2.7714363930460073 2.9387242760079886
 141970376 4 72824.001 76952.934 77973.127 14.566082594071164 14.759190442303344 15.595998467593123 2.731140486388343 2.767348207931877 2.924249712673711
 156167408 4 80108.166 82953.93 85072.041 14.685662284745232 15.060639851541694 15.595654305704617 2.753561678389731 2.8238699721640677 2.9241851823196154
 171784144 4 88150.978 90916.872 93683.958 14.669247343285816 15.115710888073666 15.589993249989806 2.750483876866091 2.8341957915138125 2.923123734373089
 188962552 4 96666.098 102270.842 240559.816 6.284093665918003 14.781343210218218 15.638372162285894 1.1782675623596255 2.771501851915916 2.9321947804286053
 207858800 4 106338.978 109392.881 112638.95 14.762836478855672 15.200901418804394 15.63744951545425 2.7680318397854387 2.8501690160258235 2.932021784147672
 228644680 4 116750.002 119897.842 123934.984 14.75900815866487 15.255966325065298 15.667301144885634 2.767314029749663 2.8604936859497436 2.9376189646660564
 251509144 4 127597.094 135784.149 145390.987 13.83905009187399 14.818174041802186 15.768957496790643 2.5948218922263733 2.7784076328379097 2.956679530648245
 276660056 2 70197.105 71227.074 74683.905 14.817653468977017 15.53679186653098 15.764755882739038 2.778310025433191 2.9131484749745584 2.9558917280135697
 304326056 2 76677.084 78274.012 81883.192 14.866350398260002 15.55183122592464 15.875724016839241 2.78744069967375 2.91596835486087 2.9766982531573576
 334758656 2 84351.063 85355.997 89821.815 14.907677205142203 15.687645520677357 15.874543560879607 2.795189475964163 2.9414335351270045 2.9764769176649266
 368234520 2 92211.962 93708.992 98721.027 14.920206208956882 15.718214960630458 15.97339486172087 2.7975386641794153 2.9471653051182107 2.995011536572663
 405057968 2 101852.179 104957.104 108927.011 14.874472889006382 15.437086297655467 15.907680011440894 2.7889636666886966 2.8944536808104 2.982690002145168
 445563760 2 111434.937 112662.077 120081.902 14.8419954240898 15.819476149015076 15.993682842931026 2.7828741420168375 2.966151777940327 2.998815533049567
 490120136 2 122688.055 123902.082 133699.894 14.663291685182635 15.822821637492742 15.979392158429768 2.749367190971744 2.966779057029889 2.9961360297055815
 539132144 1 67194.939 67803.144 72025.061 14.970682051904127 15.902865625228234 16.046808049040717 2.807002884732024 2.981787304730294 3.0087765091951346
 593045352 1 74121.952 75701.952 79809.189 14.861580713468971 15.667901192296863 16.001881655788015 2.7865463837754323 2.937731473555662 3.000352810460253
 652349880 1 81286.907 82351.923 87069.035 14.984658552836839 15.842978675798502 16.05055239707915 2.8096234786569068 2.970558501712219 3.0094785744523405
 717584864 1 89189.053 90017.08 96169.949 14.923265977816003 15.943304626188718 16.091321521263378 2.7981123708405007 2.989369617410385 3.017122785236883
 789343344 1 98500.013 99251.032 105195.999 15.00709820722364 15.90599771295073 16.027273905029837 2.813830913854433 2.9823745711782625 3.005113857193095
 868277672 1 107967.138 108591.08 116906.881 14.854175640867538 15.991694198086986 16.08411018545291 2.785157932662664 2.9984426621413105 3.015770659772421
 955105432 1 118727.922 119668.961 127609.015 14.96924699246366 15.962458836757179 16.088977485852062 2.806733811086936 2.992961031891971 3.016683278597262
 1050615968 1 130553.961 131383.896 140526.056 14.952614453222823 15.993070688054493 16.09473906348962 2.803615209979279 2.9987007540102173 3.017763574404303
 
META_DATA
 FLOPS          3
 ERT_VERSION  1.1.0
 HOSTNAME  ('daniels-mbp-2.gha.chartermi.net', ['116.1.168.192.in-addr.arpa'], ['192.168.1.116'])
 UNAME  uname_result(system='Darwin', node='Daniels-MBP-2.gha.chartermi.net', release='21.6.0', version='Darwin Kernel Version 21.6.0: Mon Aug 22 20:17:10 PDT 2022; root:xnu-8020.140.49~2/RELEASE_X86_64', machine='x86_64', processor='i386')
 TIMESTAMP_DATA  1705795348.413481
 CONFIG  {'ERT_RESULTS': ['./'], 'ERT_DRIVER': ['driver1'], 'ERT_KERNEL': ['kernel1'], 'ERT_FLOPS': ['1-8'], 'ERT_ALIGN': ['32'], 'ERT_SPEC_GBYTES_L1': ['28.8'], 'ERT_SPEC_GBYTES_L2': ['115.2'], 'ERT_SPEC_GBYTES_L3': ['230.4'], 'ERT_CC': ['g++'], 'ERT_CFLAGS': ['-O3'], 'ERT_LD': ['g++'], 'ERT_LDFLAGS': [], 'ERT_LDLIBS': [], 'ERT_RUN': ['./ERT_CODE'], 'ERT_NUM_EXPERIMENTS': ['5'], 'ERT_MEMORY_MAX': ['1073741824'], 'ERT_WORKING_SET_MIN': ['8'], 'ERT_TRIALS_MIN': ['1'], 'ERT_GNUPLOT': ['gnuplot'], 'ERT_MPI': [False], 'ERT_OPENMP': [False], 'ERT_GPU': [False], 'ERT_HIP': [False], 'ERT_PRECISION': ['FP64'], 'ERT_OCL': [False], 'ERT_SYCL': [False], 'ERT_WSS_MULT': [1.1]}
 TIMESTAMP_DATA  1705795385.4275389
 TIMESTAMP_DATA  1705795431.781104
 TIMESTAMP_DATA  1705795468.5996659
 TIMESTAMP_DATA  1705795515.985278
 