fp64
 64 16777216 188991.07 189996.958 191916.943 11.189651181553053 11.302726478389195 11.362884225164713 5.5948255907765265 5.651363239194597 5.681442112582356
 72 8388608 97789.049 101207.018 121971.846 9.903593260366002 11.93553150632301 12.352707837459386 4.951796630183001 5.967765753161505 6.176353918729693
 80 8388608 103396.177 103666.067 104207.993 12.879792052035778 12.94712261052597 12.980917853471508 6.439896026017889 6.473561305262985 6.490458926735754
 88 8388608 113409.042 113701.82 121834.993 12.117988203930867 12.984796619790252 13.018318310104409 6.058994101965434 6.492398309895126 6.509159155052204
 96 8388608 124261.141 126114.13 128530.025 12.531023284248175 12.77107280524395 12.961515748515458 6.265511642124087 6.385536402621975 6.480757874257729
 104 8388608 133649.826 134689.093 135154.963 12.909851220187898 12.95450451953077 13.055239323693545 6.454925610093949 6.477252259765385 6.527619661846773
 112 8388608 144987.822 145398.14 159092.903 11.81101203489888 12.923467879300244 12.960041513003763 5.90550601744944 6.461733939650122 6.480020756501881
 120 8388608 155629.158 156573.057 179864.168 11.193257347400065 12.858316485447428 12.93630284885304 5.596628673700033 6.429158242723714 6.46815142442652
 128 8388608 104948.044 105273.962 106182.098 20.22453585349199 20.39900092294427 20.46235037977459 10.112267926745995 10.199500461472136 10.231175189887296
 136 4194304 54686.069 54940.939 55245.876 20.650422630641245 20.76503803475219 20.86181561157742 10.325211315320622 10.382519017376096 10.43090780578871
 144 4194304 57809.114 57924.986 66571.951 18.145172762024053 20.853860059629536 20.895659324583317 9.072586381012027 10.426930029814768 10.447829662291658
 152 4194304 62191.01 64660.788 88147.163 14.465223526252343 19.719345455548734 20.502455515676623 7.2326117631261715 9.859672727774367 10.251227757838311
 160 4194304 66932.917 67556.858 70681.095 18.989197606516992 19.867372754369367 20.052574131798263 9.494598803258496 9.933686377184683 10.026287065899131
 176 4194304 76796.055 77777.147 87327.003 16.906511815136952 18.982375478493704 19.224880861393206 8.453255907568476 9.491187739246852 9.612440430696603
 192 4194304 84239.96 84720.135 87947.13 18.313420074083144 19.010979338028676 19.11934355144518 9.156710037041572 9.505489669014338 9.55967177572259
 208 4194304 95221.996 95706.94 116616.964 14.962063872628343 18.23097117095166 18.32381736673531 7.481031936314172 9.11548558547583 9.161908683367654
 224 4194304 105563.164 106795.073 109287.977 17.193549039708184 17.594895899364197 17.80022614706774 8.596774519854092 8.797447949682098 8.90011307353387
 240 4194304 115541.22 116586.924 130723.953 15.40089535083138 17.26836810618659 17.424655200975028 7.70044767541569 8.634184053093295 8.712327600487514
 264 2097152 48017.979 48372.984 50878.048 21.76373307403617 22.89079904601296 23.0600345757992 10.881866537018086 11.44539952300648 11.5300172878996
 288 2097152 55505.991 55749.178 64682.007 18.675356687679773 21.66775538824985 21.762687779054335 9.337678343839887 10.833877694124926 10.881343889527168
 312 2097152 63174.963 63436.031 65264.94 20.05093160278704 20.62901520430873 20.714263781998575 10.02546580139352 10.314507602154364 10.357131890999288
 336 2097152 69843.054 70118.904 71509.838 19.707584066964323 20.098519280906046 20.177899780842917 9.853792033482161 10.049259640453023 10.088949890421459
 368 2097152 80193.043 80324.173 81905.842 18.844856902881236 19.21593231965177 19.247353813472323 9.422428451440618 9.607966159825885 9.623676906736161
 400 2097152 72244.883 72365.999 73523.998 22.818693836534838 23.183838034212723 23.22270492153749 11.409346918267419 11.591919017106362 11.611352460768744
 440 2097152 84300.041 84805.965 85088.015 21.689232731542745 21.76136737551421 21.891967525852095 10.844616365771373 10.880683687757106 10.945983762926048
 480 2097152 96786.022 97470.999 100517.035 20.029101733850386 20.655024988509656 20.80120536413822 10.014550866925193 10.327512494254828 10.40060268206911
 528 1048576 46881.914 46979.904 56587.219 19.56795678543595 23.569572555959244 23.618836381125565 9.783978392717975 11.784786277979622 11.809418190562782
 576 1048576 53637.981 53761.005 53885.937 22.416972205568218 22.469065673158454 22.52060069151372 11.208486102784109 11.234532836579227 11.26030034575686
 632 1048576 63045.979 63910.961 65359.831 20.278511185256892 20.73822773530193 21.022753314688 10.139255592628446 10.369113867650965 10.511376657344
 688 1048576 62644.958 63361.883 66663.027 21.643790282730485 22.77142830493216 23.032030383035774 10.821895141365243 11.38571415246608 11.516015191517887
 752 1048576 72443.962 73050.022 146248.102 10.783444587882581 21.588745093054182 21.769354691009305 5.3917222939412905 10.794372546527091 10.884677345504652
 824 1048576 74696.064 75343.132 84836.96 20.369108558345324 22.93577665446666 23.13446191756503 10.184554279172662 11.46788832723333 11.567230958782515
 904 1048576 78103.065 78675.985 80590.01 23.52432277896479 24.09662119895925 24.2733804108712 11.762161389482396 12.048310599479626 12.1366902054356
 992 1048576 91297.15 92025.995 98056.078 21.21617370827334 22.606381859821237 22.786853521714534 10.60808685413667 11.303190929910619 11.393426760857267
 1088 524288 48383.951 48557.997 59324.98 19.230527983321696 23.49459941685815 23.579113826400825 9.615263991660848 11.747299708429075 11.789556913200412
 1192 524288 51865.101 52262.068 55326.939 22.591211706109387 23.91605690000633 24.099106487809596 11.295605853054694 11.958028450003164 12.049553243904798
 1304 524288 56535.006 56608.915 71209.192 19.201778107522973 24.154200871011216 24.185777993903457 9.600889053761486 12.077100435505608 12.092888996951729
 1432 524288 61839.104 61967.134 65190.077 23.03357966581325 24.231568172896296 24.281736552974635 11.516789832906625 12.115784086448148 12.140868276487318
 1568 524288 67677.975 68517.208 85460.186 19.238984197857935 23.99641222975694 24.293976999164055 9.619492098928967 11.99820611487847 12.146988499582028
 1720 524288 75452.089 75741.053 77916.861 23.14711728440908 23.812062924448647 23.903257602317673 11.57355864220454 11.906031462224323 11.951628801158837
 1888 524288 83438.873 84136.009 91520.071 21.63144615567442 23.529895362638364 23.726488827335906 10.81572307783721 11.764947681319182 11.863244413667953
 2072 262144 44506.073 44950.008 45649.052 23.797312066852996 24.16739805697031 24.408460750963133 11.898656033426498 12.083699028485155 12.204230375481567
 2272 262144 49812.078 49976.826 50115.108 23.768926847369062 23.83469362380076 23.91352426614284 11.884463423684531 11.91734681190038 11.95676213307142
 2496 262144 54013.968 54409.027 55522.919 23.569057095142995 24.05157600043096 24.227489600467788 11.784528547571497 12.02578800021548 12.113744800233894
 2744 262144 59109.926 60364.008 66616.058 21.59608831852524 23.83284873993125 24.338488801356306 10.79804415926262 11.916424369965625 12.169244400678153
 3016 262144 65261.126 65764.904 73573.112 21.492262118802316 24.04401910173852 24.229624968468976 10.746131059401158 12.02200955086926 12.114812484234488
 3312 262144 71702.003 72798.967 76227.188 22.779823073100896 23.852561754069942 24.217480451696723 11.389911536550448 11.926280877034971 12.108740225848361
 3640 262144 78040.123 78927.994 101249.933 18.848489707148744 24.179105831576056 24.45419415856123 9.424244853574372 12.089552915788028 12.227097079280615
 4000 262144 84784.031 85994.005 98633.051 21.26216292346061 24.38718838598109 24.73522401877778 10.631081461730306 12.193594192990545 12.36761200938889
 4400 131072 47472.0 47888.041 52971.125 21.774761249643085 24.086046869196426 24.297135153353558 10.887380624821542 12.043023434598213 12.148567576676779
 4840 131072 51929.951 52155.972 52461.863 24.184748452413903 24.326590251256366 24.43246980918584 12.092374226206951 12.163295125628183 12.21623490459292
 5320 131072 56903.124 57336.092 69123.03 20.1757081539973 24.32335430185929 24.50842734047431 10.08785407699865 12.161677150929645 12.254213670237155
 5848 131072 62519.073 62643.051 74374.914 20.612032062316064 24.47227725226857 24.520806826422394 10.306016031158032 12.236138626134284 12.260403413211197
 6432 131072 68524.122 70025.921 107630.014 15.665799393094943 24.07837246439072 24.606082628829597 7.8328996965474715 12.03918623219536 12.303041314414799
 7072 131072 75001.955 75672.15 76461.792 24.245866066021577 24.498872676407373 24.717787263012013 12.122933033010789 12.249436338203687 12.358893631506007
 7776 131072 83104.134 83591.938 93807.936 21.729843240554825 24.385506458768788 24.52864431509508 10.864921620277412 12.192753229384394 12.26432215754754
 8552 65536 45494.08 45586.109 49340.01 22.718433660633632 24.589239322882328 24.63898036843475 11.359216830316816 12.294619661441164 12.319490184217376
 9400 65536 50293.922 50337.076 51149.13 24.087932678424835 24.47652700367419 24.49752874711183 12.043966339212417 12.238263501837094 12.248764373555915
 10336 65536 55227.995 55543.9 62593.937 21.643632864953037 24.390800645975528 24.530316409277578 10.821816432476519 12.195400322987764 12.265158204638789
 11368 65536 59584.856 60775.042 62504.053 23.83887803243735 24.51707883640788 25.0067986402451 11.919439016218675 12.25853941820394 12.50339932012255
 12504 65536 66706.896 66854.954 68392.038 23.963670858879798 24.514627412652175 24.56903837948029 11.981835429439899 12.257313706326087 12.284519189740145
 13752 65536 73351.145 73976.994 75467.825 23.884379124481192 24.365712183439083 24.573606097082735 11.942189562240596 12.182856091719541 12.286803048541367
 15120 65536 80026.15 80591.917 81037.045 24.455588675524876 24.59066260950214 24.764513099780512 12.227794337762438 12.29533130475107 12.382256549890256
 16632 32768 43879.032 44261.932 44782.877 24.339542812311947 24.626009366242755 24.840902415531865 12.169771406155974 12.313004683121378 12.420451207765932
 18288 32768 48751.116 49074.888 55629.969 21.54454495561556 24.422314891477694 24.58451141918474 10.77227247780778 12.211157445738847 12.29225570959237
 20112 32768 53056.002 53230.047 53586.006 24.597094099530388 24.761579338827186 24.84280726617886 12.298547049765194 12.380789669413593 12.42140363308943
 22120 32768 58667.183 58902.979 63982.964 22.65691098649322 24.610916877395965 24.709833434477332 11.32845549324661 12.305458438697983 12.354916717238666
 24328 32768 64552.069 64690.828 65040.112 24.51348497062859 24.645840180002025 24.69881806576951 12.256742485314295 12.322920090001013 12.349409032884756
 26760 32768 71053.982 71501.97 94292.879 18.598895044873963 24.527203376354528 24.68184485424054 9.299447522436981 12.263601688177264 12.34092242712027
 29432 32768 77797.89 78320.026 83481.073 23.105303785446072 24.62787170167691 24.79316022581075 11.552651892723036 12.313935850838455 12.396580112905376
 32368 32768 85936.069 86345.911 90353.966 23.477323043019496 24.56710715577487 24.684271373874452 11.738661521509748 12.283553577887435 12.342135686937226
 35600 16384 47243.834 48025.131 50052.881 23.306166931729663 24.2902158871779 24.691916409663108 11.653083465864832 12.14510794358895 12.345958204831554
 39160 16384 52091.837 52237.034 57915.926 22.156166164035778 24.564849528018758 24.633319804022268 11.078083082017889 12.282424764009379 12.316659902011134
 43072 16384 57377.1 58331.013 67453.146 20.92390614368083 24.19610466905486 24.598372800298375 10.461953071840416 12.09805233452743 12.299186400149187
 47376 16384 62695.026 63745.022 64473.152 24.078499652072228 24.35353725346585 24.761402411731993 12.039249826036114 12.176768626732924 12.380701205865996
 52112 16384 69090.843 69590.807 75010.061 22.765026360930435 24.53781023117033 24.71537387378527 11.382513180465217 12.268905115585165 12.357686936892636
 57320 16384 76237.917 76944.113 79108.0 23.74300652272842 24.41072730281523 24.63684520656565 11.87150326136421 12.205363651407614 12.318422603282825
 63048 16384 83806.992 84168.911 96767.902 21.349608923008372 24.545367635800822 24.65136636809492 10.674804461504186 12.272683817900411 12.32568318404746
 69352 8192 46101.093 46159.983 47601.223 23.870461647592542 24.61576227183619 24.647206694210045 11.935230823796271 12.307881135918095 12.323603347105022
 76280 8192 50717.831 50930.977 55940.151 22.341225357078496 24.538534181270464 24.641659458978047 11.170612678539248 12.269267090635232 12.320829729489024
 83904 8192 55877.209 56154.013 59261.084 23.197063624418345 24.480585848779857 24.60185754803895 11.598531812209172 12.240292924389928 12.300928774019475
 92288 8192 61763.048 63119.173 71479.082 21.153693495951725 23.955424637772104 24.481411474381897 10.576846747975862 11.977712318886052 12.240705737190948
 101512 8192 67559.004 68058.014 70176.125 23.699977848591665 24.437571863322372 24.61807471288357 11.849988924295833 12.218785931661186 12.309037356441785
 111656 8192 74182.987 74414.968 76143.026 24.02546891162429 24.583386288629463 24.66026211643379 12.012734455812145 12.291693144314731 12.330131058216894
 122816 8192 81673.861 81763.983 85675.001 23.48663344631884 24.610069986438898 24.637225660239086 11.74331672315942 12.305034993219449 12.318612830119543
 135096 4096 44879.913 45202.971 46382.904 23.86022298215739 24.48304630242114 24.659282026683073 11.930111491078694 12.24152315121057 12.329641013341536
 148600 4096 49412.966 49499.035 65031.052 18.719229699682543 24.593028934806505 24.63586581708129 9.359614849841272 12.296514467403252 12.317932908540644
 163456 4096 54010.868 54663.897 65816.879 20.34480474226072 24.495720676482325 24.791890994975308 10.17240237113036 12.247860338241162 12.395945497487654
 179800 4096 59945.107 60269.833 61623.096 23.902103198450142 24.438786813960476 24.571173090073888 11.951051599225071 12.219393406980238 12.285586545036944
 197776 4096 65881.014 65891.981 74631.929 21.708952370774178 24.588439555338304 24.592532713597883 10.854476185387089 12.294219777669152 12.296266356798942
 217552 4096 72357.178 72520.971 72962.999 24.425887208939972 24.574767262837668 24.630396503302 12.212943604469986 12.287383631418834 12.315198251651
 239304 4096 79150.915 79573.87 80595.016 24.323816351125235 24.63595609965935 24.767602092786927 12.161908175562617 12.317978049829675 12.383801046393463
 263232 2048 44007.063 44054.031 44251.919 24.365006001208673 24.47445211086359 24.500573282975054 12.182503000604337 12.237226055431796 12.250286641487527
 289552 2048 49213.886 49615.86 50566.196 23.454502925234873 23.903747551690124 24.098990923009005 11.727251462617437 11.951873775845062 12.049495461504502
 318504 2048 54934.978 55586.1 56001.902 23.295501356364646 23.469759238370745 23.747936769902775 11.647750678182323 11.734879619185373 11.873968384951388
 350352 2048 61233.044 61939.955 63683.987 22.53379318100797 23.168273079952996 23.43574152544172 11.266896590503984 11.584136539976498 11.71787076272086
 385384 2048 68128.109 68571.091 120371.103 13.113885514532504 23.020384260766683 23.170067203832126 6.556942757266252 11.510192130383341 11.585033601916063
 423920 2048 75157.166 75625.896 92350.96 18.80193037516881 22.960076003595383 23.103270285630515 9.400965187584404 11.480038001797691 11.551635142815257
 466312 2048 82504.988 83572.149 113583.088 16.816006551961326 22.85467078272691 23.150284586430093 8.408003275980663 11.427335391363455 11.575142293215047
 512936 2048 91187.0 92857.122 97023.01 21.654511192757266 22.626006608303022 23.040409882987703 10.827255596378633 11.313003304151511 11.520204941493851
 564224 1024 50309.181 50438.166 53957.939 21.415398241952868 22.90984870464957 22.968586032040555 10.707699120976434 11.454924352324785 11.484293016020278
 620640 1024 55139.065 55403.948 61622.858 20.626610989058637 22.94187988191744 23.05209056410369 10.313305494529319 11.47093994095872 11.526045282051845
 682704 1024 60577.154 61088.085 80929.041 17.276589154194973 22.887896911484457 23.080942231125615 8.638294577097486 11.443948455742229 11.540471115562807
 750968 1024 66752.911 67862.034 69481.134 22.135252772356882 22.663371156838593 23.039931007652985 11.067626386178441 11.331685578419297 11.519965503826493
 826064 1024 73484.898 74096.918 77167.988 21.923327481338507 22.831976250348223 23.022132683643378 10.961663740669254 11.415988125174112 11.511066341821689
 908664 1024 80876.827 81268.072 90535.879 20.554766712984584 22.898831314713608 23.009605359517877 10.277383356492292 11.449415657356804 11.504802679758939
 999528 1024 88681.936 93202.114 132171.869 15.487662839964834 21.963378899324105 23.082867112869522 7.743831419982417 10.981689449662053 11.541433556434761
 1099480 512 48812.151 49461.842 53795.815 20.928533567155732 22.76234516296421 23.065312569405105 10.464266783577866 11.381172581482105 11.532656284702552
 1209424 512 53615.808 55679.083 105108.976 11.782534880750813 22.24264677634867 23.098601367716032 5.891267440375406 11.121323388174336 11.549300683858016
 1330360 512 59119.94 62188.864 70201.874 19.405303055015313 21.90566851325665 23.042794698370802 9.702651527507657 10.952834256628325 11.521397349185401
 1463392 512 64930.916 65160.99 65657.139 22.82331260276206 22.99709393611116 23.078581056826614 11.41165630138103 11.49854696805558 11.539290528413307
 1609728 512 72077.036 74568.033 80241.919 20.54239844388567 22.10547074508456 22.86944030273387 10.271199221942835 11.05273537254228 11.434720151366935
 1770696 512 78472.137 79170.942 92062.95 19.695140162247682 22.902249969439545 23.106197604890003 9.847570081123841 11.451124984719772 11.553098802445001
 1947760 512 87535.858 94840.05 114578.962 17.40726399668379 21.030210760116635 22.785019597340327 8.703631998341894 10.515105380058317 11.392509798670163
 2142536 256 47370.911 47831.059 48305.988 22.70895343243989 22.934437475030606 23.15721629250491 11.354476716219946 11.467218737515303 11.578608146252455
 2356784 256 52345.991 52591.085 55662.155 21.678524807384836 22.9444478660214 23.05187818490245 10.839262403692418 11.4722239330107 11.525939092451225
 2592456 256 57476.997 59044.123 88210.106 15.047453542341282 22.480433353206042 23.093368500097526 7.523726771170641 11.240216676603021 11.546684250048763
 2851696 256 63855.886 64975.977 119045.973 12.26474373895873 22.47089492782848 22.865055102359708 6.132371869479365 11.23544746391424 11.432527551179854
 3136864 256 72575.092 73688.03 101158.142 15.876867014817254 21.79559377554265 22.129828895015386 7.938433507408627 10.897796887771324 11.064914447507693
 3450544 256 79986.811 80196.857 185655.117 9.515916159746892 22.029273890372036 22.087122938305413 4.757958079873446 11.014636945186018 11.043561469152706
 3795592 256 88916.063 91068.029 105603.933 18.40218492619967 21.33946595022936 21.855928371457473 9.201092463099835 10.66973297511468 10.927964185728737
 4175144 256 100299.12 101547.003 109709.024 19.484939798571176 21.051076495088687 21.31298587664578 9.742469899285588 10.525538247544343 10.65649293832289
 4592656 128 56510.925 57512.999 83173.99 14.135668326119738 20.44268176660375 20.805179458662195 7.067834163059869 10.221340883301876 10.402589729331098
 5051920 128 62941.074 63359.976 65510.988 19.74159693637959 20.411805711542566 20.5476557327255 9.870798468189795 10.205902855771283 10.27382786636275
 5557112 128 70225.0 73541.164 80842.972 17.597332666097433 19.344549292148816 20.258037337130656 8.798666333048716 9.672274646074408 10.129018668565328
 6112816 128 78645.945 79003.811 87558.031 17.872499850984543 19.807663404997005 19.897795061143963 8.936249925492271 9.903831702498502 9.948897530571982
 6724096 128 86359.024 87322.95 94711.065 18.17494688714566 19.71267090724718 19.93270067526469 9.08747344357283 9.85633545362359 9.966350337632345
 7396504 128 95233.917 96631.05 108668.089 17.424664788206588 19.59520282559281 19.882675034777787 8.712332394103294 9.797601412796405 9.941337517388893
 8136152 128 105975.866 106779.099 131775.856 15.806043498590517 19.5062042244803 19.654049460657394 7.903021749295259 9.75310211224015 9.827024730328697
 8949760 64 58289.051 58875.799 58974.028 19.424979416362742 19.457388255571697 19.65324980157937 9.712489708181371 9.728694127785849 9.826624900789685
 9844736 64 64441.919 67265.034 84969.997 14.830248940693735 18.73374817590964 19.55444883632345 7.415124470346868 9.36687408795482 9.777224418161724
 10829208 64 70705.891 71651.936 148889.065 9.309875268543058 19.345445515945304 19.604287625765156 4.654937634271529 9.672722757972652 9.802143812882578
 11912128 64 78202.009 81259.966 87830.067 17.360255275679112 18.763881638837997 19.4976114232564 8.680127637839556 9.381940819418999 9.7488057116282
 13103336 64 86127.996 86646.08 98109.961 17.095379418201993 19.357217406719382 19.473656486794376 8.547689709100997 9.678608703359691 9.736828243397188
 14413664 64 95343.828 96530.199 115275.145 16.004742323247562 19.112661230502592 19.35048162740015 8.002371161623781 9.556330615251296 9.675240813700075
 15855024 64 104679.108 105194.092 124042.034 16.360930295612533 19.292367407857846 19.387278997448085 8.180465147806267 9.646183703928923 9.693639498724043
 17440520 32 58265.924 62196.016 115180.969 9.690778691052687 17.94637907354066 19.156879413771936 4.8453893455263435 8.97318953677033 9.578439706885968
 19184568 32 63381.91 63822.985 65333.128 18.793105268126762 19.23777698583042 19.371652763383114 9.396552634063381 9.61888849291521 9.685826381691557
 21103024 32 69967.031 70141.077 75078.011 17.98920240441639 19.25538634087412 19.303284942875454 8.994601202208194 9.62769317043706 9.651642471437727
 23213320 32 76663.971 77273.846 83095.789 17.87879383394506 19.225812573118205 19.3787572000412 8.93939691697253 9.612906286559102 9.6893786000206
 25534648 32 84857.941 88040.113 103996.992 15.71408403812295 18.562191895414763 19.25827391923167 7.857042019061475 9.281095947707382 9.629136959615835
 28088112 32 93332.052 93826.771 102484.941 17.54052010431464 19.15912856044039 19.260684078819995 8.77026005215732 9.579564280220195 9.630342039409998
 30896920 32 107239.008 123090.982 205415.01 9.62637968861185 16.06456336500752 18.439212716328 4.813189844305925 8.03228168250376 9.219606358164
 33986608 16 56673.05 57161.093 66207.886 16.42661504099376 19.026428623399486 19.190275730704453 8.21330752049688 9.513214311699743 9.595137865352227
 37385264 16 62404.156 64186.096 83552.122 14.318349065987816 18.63843608746667 19.170653441735514 7.159174532993908 9.319218043733335 9.585326720867757
 41123784 16 68825.96 69683.075 82298.994 15.990002113513075 18.88494570596949 19.120126882356598 7.9950010567565375 9.442472852984745 9.560063441178299
 45236160 16 76334.953 77768.087 98670.006 14.670690503454516 18.61376788141902 18.96322802478178 7.335345251727258 9.30688394070951 9.48161401239089
 49759776 16 85577.011 90754.986 110522.032 14.407198304135413 17.545182939039844 18.606782515458505 7.2035991520677065 8.772591469519922 9.303391257729253
 54735752 16 96808.195 101677.179 134785.891 12.995010464411294 17.22652104657624 18.092931739921394 6.497505232205647 8.61326052328812 9.046465869960697
 60209320 16 108158.827 109950.781 160511.971 12.003455119244656 17.523279257106868 17.81360147332219 6.001727559622328 8.761639628553434 8.906800736661095
 66230248 16 124490.976 160699.844 169632.912 12.493848693701608 13.188363368915281 17.024269582399292 6.246924346850804 6.594181684457641 8.512134791199646
 72853272 8 71363.926 71871.996 77764.988 14.989423672257239 16.218449700492528 16.333915709738275 7.494711836128619 8.109224850246264 8.166957854869137
 80138592 8 82065.105 92110.872 115187.168 11.131599936548486 13.920370572542186 15.624393242414056 5.565799968274243 6.960185286271093 7.812196621207028
 88152448 8 92979.908 93297.005 98125.219 14.373870268763424 15.117732536001556 15.169289778174441 7.186935134381712 7.558866268000778 7.584644889087221
 96967688 8 104509.83 108723.164 133628.13 11.610452140578483 14.270031802974385 14.845330893754204 5.805226070289241 7.135015901487193 7.422665446877102
 106664456 8 117285.967 120273.113 148267.984 11.510450536644514 14.189632690391909 14.551027200040053 5.755225268322257 7.094816345195954 7.275513600020027
 117330896 8 130650.043 131017.923 157950.878 11.885304847751465 14.32853073086802 14.368876526125598 5.942652423875733 7.16426536543401 7.184438263062799
 129063984 8 144511.938 155498.981 168697.119 12.241013695082723 13.279982484258207 14.289641205974275 6.120506847541361 6.639991242129104 7.144820602987138
 141970376 4 79679.966 80247.879 86092.949 13.192288348724125 14.153184135869811 14.25405989756572 6.596144174362062 7.0765920679349055 7.12702994878286
 156167408 4 87691.069 88146.925 89415.073 13.972356360990725 14.173373194810823 14.24705250200565 6.986178180495362 7.086686597405412 7.123526251002825
 171784144 4 96285.105 96857.786 103278.875 13.30643030338973 14.188566647600227 14.272956881544658 6.653215151694865 7.094283323800114 7.136478440772329
 188962552 4 106613.874 106910.944 123774.052 12.21338714838228 14.139809821527718 14.179209133700555 6.10669357419114 7.069904910763859 7.089604566850277
 207858800 4 116698.027 117635.012 142270.088 11.688123788888078 14.135845882346661 14.249344592603954 5.844061894444039 7.067922941173331 7.124672296301977
 228644680 4 128695.965 130180.12 154333.83 11.851953910558692 14.050973681695794 14.213013127490049 5.925976955279346 7.025486840847897 7.106506563745024
 251509144 4 141227.007 141917.944 165501.118 12.157459576798752 14.177721965870646 14.247084851129076 6.078729788399376 7.088860982935323 7.123542425564538
 276660056 2 77497.959 78256.845 82199.812 13.462807238537234 14.141130069836063 14.279604757074956 6.731403619268617 7.070565034918031 7.139802378537478
 304326056 2 85265.875 85713.863 106613.159 11.41795473858907 14.201952652629831 14.276569893876067 5.708977369294535 7.100976326314916 7.138284946938033
 334758656 2 93807.22 94238.043 116741.896 11.470043488072182 14.209066544389083 14.274323703442017 5.735021744036091 7.104533272194542 7.137161851721008
 368234520 2 103283.167 103358.984 123394.012 11.93686837899395 14.25070199993452 14.261163002486166 5.968434189496975 7.12535099996726 7.130581501243083
 405057968 2 113759.995 113903.999 117725.849 13.762753768715653 14.224538964606502 14.242545211082334 6.8813768843578265 7.112269482303251 7.121272605541167
 445563760 2 124938.011 125391.96 141405.821 12.603830785721332 14.213471421931677 14.265114561492418 6.301915392860666 7.106735710965839 7.132557280746209
 490120136 2 137141.943 137608.051 160058.022 12.248561612238342 14.246844786719636 14.295265920215234 6.124280806119171 7.123422393359818 7.147632960107617
 539132144 1 75539.112 75833.082 94621.181 11.395591099206424 14.218916857421146 14.274251569173861 5.697795549603212 7.109458428710573 7.137125784586931
 593045352 1 82896.948 83200.932 88816.881 13.35433861947933 14.255738192932741 14.308014138228586 6.677169309739665 7.1278690964663705 7.154007069114293
 652349880 1 91123.104 91736.078 96477.985 13.523289898726638 14.2223189441345 14.317990747988567 6.761644949363319 7.11115947206725 7.1589953739942835
 717584864 1 100191.832 100683.928 122810.125 11.68608637113593 14.25420875514511 14.324218844506207 5.843043185567965 7.127104377572555 7.162109422253104
 789343344 1 110364.199 110455.99 147927.046 10.672062551698625 14.292449762117924 14.304336934479993 5.3360312758493125 7.146224881058962 7.1521684672399966
 868277672 1 120959.997 121983.051 143866.062 12.070639314503511 14.236037955797643 14.35644334548057 6.035319657251756 7.118018977898822 7.178221672740285
 955105432 1 133255.005 133833.885 135405.064 14.107381271944154 14.272998680416396 14.335002756556872 7.053690635972077 7.136499340208198 7.167501378278436
 1050615968 1 146558.046 147094.965 174464.941 12.04386350607828 14.284866487442313 14.337199446559216 6.02193175303914 7.142433243721157 7.168599723279608
 
META_DATA
 FLOPS          8
 ERT_VERSION  1.1.0
 HOSTNAME  ('daniels-mbp-2.gha.chartermi.net', ['116.1.168.192.in-addr.arpa'], ['192.168.1.116'])
 UNAME  uname_result(system='Darwin', node='Daniels-MBP-2.gha.chartermi.net', release='21.6.0', version='Darwin Kernel Version 21.6.0: Mon Aug 22 20:17:10 PDT 2022; root:xnu-8020.140.49~2/RELEASE_X86_64', machine='x86_64', processor='i386')
 TIMESTAMP_DATA  1705796488.920822
 CONFIG  {'ERT_RESULTS': ['./'], 'ERT_DRIVER': ['driver1'], 'ERT_KERNEL': ['kernel1'], 'ERT_FLOPS': ['1-8'], 'ERT_ALIGN': ['32'], 'ERT_SPEC_GBYTES_L1': ['28.8'], 'ERT_SPEC_GBYTES_L2': ['115.2'], 'ERT_SPEC_GBYTES_L3': ['230.4'], 'ERT_CC': ['g++'], 'ERT_CFLAGS': ['-O3'], 'ERT_LD': ['g++'], 'ERT_LDFLAGS': [], 'ERT_LDLIBS': [], 'ERT_RUN': ['./ERT_CODE'], 'ERT_NUM_EXPERIMENTS': ['5'], 'ERT_MEMORY_MAX': ['1073741824'], 'ERT_WORKING_SET_MIN': ['8'], 'ERT_TRIALS_MIN': ['1'], 'ERT_GNUPLOT': ['gnuplot'], 'ERT_MPI': [False], 'ERT_OPENMP': [False], 'ERT_GPU': [False], 'ERT_HIP': [False], 'ERT_PRECISION': ['FP64'], 'ERT_OCL': [False], 'ERT_SYCL': [False], 'ERT_WSS_MULT': [1.1]}
 TIMESTAMP_DATA  1705796534.404707
 TIMESTAMP_DATA  1705796579.6887062
 TIMESTAMP_DATA  1705796623.332899
 TIMESTAMP_DATA  1705796669.824727
 