fp64
 64 16777216 189944.983 190162.182 633562.088 3.389539381655678 11.292906010091954 11.305819264518295 1.4829234794743589 4.940646379415229 4.946295928226753
 72 8388608 97465.038 97898.006 374726.057 3.223580344720997 12.33895971282602 12.393772954769688 1.4103164008154363 5.398294874361383 5.422275667711738
 80 8388608 103466.988 103909.969 447744.131 2.9976434911661634 12.916732561050038 12.97203393994614 1.3114690273851966 5.651070495459392 5.675264848726437
 88 8388608 113357.067 114147.186 520630.836 2.8357809524751234 12.934134074930238 13.024287299176503 1.2406541667078665 5.65868365778198 5.698125693389721
 96 8388608 124291.182 125413.895 592644.93 2.717668969175185 12.84237871728647 12.958382968793394 1.1889801740141435 5.61854068881283 5.6692925488471095
 104 8388608 134560.108 135382.175 665194.035 2.6230398533264054 12.888184607759479 12.966922291709219 1.1475799358303023 5.638580765894772 5.673028502622782
 112 8388608 145199.06 145324.945 737076.998 2.5493241507992357 12.929976969886345 12.941187029723196 1.1153293159746656 5.656864924325276 5.661769325503898
 120 8388608 155473.948 156467.915 812398.911 2.478174075248114 12.866956909344639 12.949217189750657 1.08420115792105 5.6292936478382805 5.665282520515913
 128 8388608 104897.976 105205.059 129076.004 16.63735769198433 20.41236104434864 20.47211709785516 7.278843990243144 8.93040795690253 8.956551230311632
 136 4194304 54600.0 54774.046 90437.889 12.614742566580697 20.8283077718962 20.894701245421246 5.5189498728790545 9.112384650204588 9.141431794871794
 144 4194304 57801.962 58250.189 228187.084 5.2937244774117005 20.737435753212747 20.898244803524143 2.316004458867619 9.072628142030577 9.142982101541813
 152 4194304 62232.018 62860.012 160783.052 7.9303657950217294 20.28425346148518 20.488945352856792 3.4695350353220067 8.874360889399766 8.963913591874848
 160 4194304 66776.037 67157.984 197700.977 6.788925883760301 19.985371806276977 20.0996845619934 2.970155074145132 8.743600165246177 8.793611995872114
 176 4194304 76261.997 77473.879 270385.027 5.460343068479157 19.056681129907023 19.359511500859334 2.3889000924596315 8.337297994334323 8.469786281625959
 192 4194304 84170.818 84769.964 231322.05 6.96264249776448 18.999804411855123 19.135049109300567 3.04615609277196 8.312414430186616 8.371583985318997
 208 4194304 95298.052 95399.141 276356.936 6.313684357826286 18.28979219005756 18.309193392536503 2.762236906549 8.00178408315018 8.01027210923472
 224 4194304 105401.039 105823.04 350223.064 5.365289682920483 17.756513061805823 17.82760596885577 2.347314236277711 7.768474464540048 7.7995776113744
 240 4194304 115536.213 115854.025 422416.925 4.766063575695978 17.377608762405966 17.425410334333876 2.0851528143669906 7.602703833552611 7.623617021271071
 264 2097152 47786.951 48238.993 77491.045 14.289344736543429 22.954381655520876 23.171519271024426 6.25158832223775 10.042541974290383 10.137539681073186
 288 2097152 55425.882 55813.074 137770.891 8.767886621274736 21.642949678779562 21.79414216628975 3.835950396807697 9.468790484466059 9.534937197751765
 312 2097152 62776.804 64115.047 191965.818 6.8169576314883304 20.410541818677917 20.845643049939277 2.9824189637761447 8.92961204567159 9.119968834348434
 336 2097152 69869.041 70264.816 176512.003 7.9840810825765764 20.056782671999024 20.170394839110504 3.4930354736272524 8.774842418999574 8.824547742110845
 368 2097152 80286.026 80653.906 249476.194 6.186978594037715 19.137372863255997 19.225062553226884 2.7068031348915 8.3726006276745 8.410964867036762
 400 2097152 72470.188 72688.818 128299.952 13.07655672388716 23.08087607092469 23.15050707471602 5.720993566700633 10.097883281029551 10.12834684518826
 440 2097152 84490.061 84923.983 222376.108 8.298974996000918 21.731125823432002 21.842732010810124 3.630801560750402 9.5073675477515 9.55619525472943
 480 2097152 96968.889 108741.999 243628.979 8.263655367533268 18.514152199832193 20.76197779269184 3.615349223295805 8.099941587426585 9.083365284302682
 528 1048576 46923.161 47005.892 80798.149 13.704475531982792 23.556541720344335 23.598074648040015 5.995708045242472 10.305987002650646 10.324157658517507
 576 1048576 53394.079 53756.952 104670.048 11.540641999132358 22.47075972610947 22.62347388743235 5.0490308746204065 9.830957380172894 9.897769825751652
 632 1048576 63047.171 63081.98 165274.143 8.019403640168928 21.010755591374906 21.022355848448775 3.5084890925739063 9.19220557122652 9.19728068369634
 688 1048576 62268.972 63036.203 133619.07 10.798163585482222 22.889078138161338 23.171099982186956 4.724196568648472 10.013971685445584 10.137356242206794
 752 1048576 72139.978 72754.145 170264.006 9.26242921830466 21.67654233308631 21.861086567007266 4.052312783008289 9.483487270725261 9.56422537306568
 824 1048576 74598.074 75030.088 158774.137 10.883719985201369 23.0314703615968 23.16485071719144 4.761627493525599 10.0762682831986 10.134622188771255
 904 1048576 77964.067 78888.178 117338.181 16.15693537979765 24.031806235910278 24.3166561333954 7.0686592286614705 10.513915228210747 10.63853705836049
 992 1048576 91651.917 91753.006 184968.233 11.247200399000405 22.673641711531502 22.698649980229 4.920650174562677 9.919718248795032 9.930659366350188
 1088 524288 48414.946 48796.177 83707.094 13.62908008728627 23.37991945557538 23.564018598719496 5.962722538187743 10.228714761814228 10.309258136939778
 1192 524288 52215.099 52407.026 94349.146 13.24763015872979 23.84990501082813 23.937570088682584 5.795838194444283 10.434333442237307 10.472686913798631
 1304 524288 56551.933 56579.828 92550.039 14.774095384227769 24.166618251296203 24.178538760116297 6.463666730599648 10.572895484942089 10.57811070755088
 1432 524288 61657.906 61917.067 99277.02 15.124958746747232 24.25116215533917 24.35309483263995 6.617169451701914 10.609883442960886 10.654478989279978
 1568 524288 67675.114 67854.881 112879.038 14.565743978080324 24.23063962045708 24.295004039446468 6.372512990410141 10.600904833949972 10.629064267257828
 1720 524288 75031.042 75142.145 133332.968 13.526667463068849 24.001853021363708 24.037394016199322 5.9179170150926215 10.500810696846623 10.516359882087203
 1888 524288 83714.008 83868.98 147388.935 13.431886783088567 23.604811790962522 23.648509195736988 5.876450467601249 10.327105158546104 10.346222773134933
 2072 262144 44460.058 44489.145 69725.99 15.579911249736288 24.417748104621925 24.43372287098681 6.816211171759626 10.682764795772094 10.68975375605673
 2272 262144 49943.924 50090.075 123146.057 9.672923072153257 23.78080559871392 23.850395415466355 4.231903844067049 10.404102449437339 10.434547994266529
 2496 262144 53966.999 54045.916 85541.964 15.298022009408152 24.21316807730671 24.248575467388875 6.692884629116067 10.593261033821687 10.608751766982634
 2744 262144 59122.801 59998.989 99630.117 14.439873356768214 23.977841893302568 24.33318867960941 6.317444593586094 10.490305828319872 10.645770047329117
 3016 262144 65199.137 65344.81 102836.847 15.376323313374243 24.19859523656125 24.252661626487477 6.727141449601231 10.586885415995548 10.610539461588273
 3312 262144 71463.108 72287.083 121192.217 14.327998108987476 24.0214680678151 24.298437397936848 6.268499172682021 10.509392279669107 10.630566361597372
 3640 262144 77567.101 78581.095 125874.043 15.161253857556634 24.28584534231802 24.603321451964536 6.633048562681028 10.625057337264135 10.763953135234486
 4000 262144 85287.094 85787.773 131734.133 15.919579476034505 24.445814673380085 24.58932414791856 6.964816020765096 10.695043919603789 10.75782931471437
 4400 131072 47301.054 47787.905 73266.029 15.743088792215014 24.136517388657236 24.384944995094617 6.887601346594068 10.559726357537542 10.668413435353894
 4840 131072 52130.938 52260.876 84918.022 14.941197758939794 24.27775914050886 24.33827221754575 6.53677401953616 10.621519623972626 10.647994095176266
 5320 131072 56937.933 57253.838 88099.957 15.829815671760205 24.358298565067376 24.493444115718077 6.92554435639509 10.656755622216977 10.71588180062666
 5848 131072 62345.028 62901.02 95951.08 15.977080320513327 24.371911806835563 24.58926014116154 6.989972640224581 10.66271141549056 10.757801311758174
 6432 131072 67950.01 68184.137 103077.888 16.357632473028552 24.72877537483535 24.813980277559935 7.156464206949991 10.818839226490466 10.85611637143247
 7072 131072 75045.109 75645.924 113940.954 16.27055332536535 24.507366292465406 24.703573526690462 7.1183670798473395 10.721972752953615 10.807813417927076
 7776 131072 83132.982 83511.114 127488.852 15.989097964424372 24.409107319535938 24.520132623174757 6.995230359435664 10.678984452296973 10.727558022638956
 8552 65536 45567.989 45983.076 70090.055 15.9926789043039 24.376963037444476 24.599017174095614 6.996797020632956 10.664921328881958 10.76207001366683
 9400 65536 50265.074 51113.129 76256.037 16.157105043368567 24.104898762899058 24.51158830483369 7.068733456473748 10.545893208768339 10.72381988336474
 10336 65536 55340.052 58369.16 83176.136 16.287847177704915 23.21020538928434 24.480645446448083 7.1259331402459 10.154464857811899 10.710282382821035
 11368 65536 60752.869 60962.915 91125.965 16.351283588601778 24.44152311286296 24.526026844921514 7.153686570013277 10.693166361877545 10.730136744653162
 12504 65536 66803.932 74434.996 110569.0 14.822638243992438 22.01819541979958 24.533350641695762 6.484904231746692 9.632960496162315 10.733340905741898
 13752 65536 73595.047 75356.96 109382.153 16.478941898318638 23.919517772479143 24.492166490497652 7.209537080514404 10.464789025459625 10.715322839592723
 15120 65536 79999.924 81279.993 114135.027 17.363719903443837 24.382490288846355 24.772631533999956 7.59662745775668 10.66733950137028 10.838026296124982
 16632 32768 44303.179 44691.801 66518.784 16.386269959474905 24.389143592579767 24.603082139997223 7.168993107270271 10.670250321753649 10.763848436248784
 18288 32768 48718.929 49107.075 72566.986 16.516083057383696 24.40630740071568 24.600753600310057 7.225786337605368 10.67775948781311 10.76282970013565
 20112 32768 52924.871 53169.012 75818.062 17.384512307898348 24.79000422276043 24.904359842464235 7.605724134705526 10.845626847457687 10.895657431078103
 22120 32768 58289.051 58772.087 86436.987 16.771250020549655 24.665728137236307 24.87013075577436 7.337421883990474 10.791256060040883 10.880682205651281
 24328 32768 64584.017 65858.126 97183.943 16.405588812135356 24.20900661522012 24.68660021565398 7.177445105309219 10.591440394158802 10.800387594348615
 26760 32768 69856.882 71255.922 102998.018 17.02696220814657 24.611896257548953 25.104804419985424 7.449295966064123 10.767704612677665 10.983351933743622
 29432 32768 78136.921 78734.159 115540.981 16.69412476253772 24.49833181046615 24.68558432191102 7.3036795836102515 10.718020167078942 10.79994314083607
 32368 32768 85920.095 86666.822 126764.059 16.733995934920326 24.476139761995654 24.688860597744917 7.3211232215276425 10.7083111458731 10.801376511513402
 35600 16384 47283.173 47956.944 68754.911 16.966654207435454 24.324752636448224 24.67137304850501 7.422911215753011 10.642079278446099 10.793725708720942
 39160 16384 52006.006 53293.943 77249.05 16.611141237335605 24.07768702721058 24.67397477129853 7.267374291334327 10.533988074404627 10.794863962443106
 43072 16384 57344.913 57533.979 84672.213 16.668789511855557 24.53129994711473 24.612179566825745 7.292595411436807 10.732443726862696 10.767828560486265
 47376 16384 62816.143 63153.028 89483.023 17.348729579687983 24.58182635359939 24.713659480812126 7.590069191113493 10.754549029699731 10.812226022855304
 52112 16384 69128.99 69527.864 98305.941 17.370323691830585 24.560024107744777 24.7017353501042 7.599516615175881 10.745010547138339 10.80700921567059
 57320 16384 76319.933 77112.198 110587.835 16.984343350242817 24.357518119247487 24.610369613400994 7.430650215731232 10.656414177170776 10.767036705862935
 63048 16384 84189.892 85327.148 120615.959 17.12838733056875 24.212187005242455 24.53925067394076 7.493669457123828 10.592831814793575 10.735922169849085
 69352 8192 46036.005 46103.954 67131.996 16.92580640682872 24.645677201569306 24.682054144359398 7.405040302987565 10.782483775686572 10.798398688157238
 76280 8192 50684.929 50894.022 74104.071 16.86508586012771 24.556352021068406 24.657655533067828 7.378475063805874 10.743404009217429 10.787724295717176
 83904 8192 55594.921 55887.938 81168.89 16.936083960246346 24.597134644688445 24.72677559879975 7.409536732607777 10.761246407051196 10.817964324474891
 92288 8192 61220.169 61461.926 88515.997 17.082184500503338 24.601353885330568 24.698504050192998 7.473455718970211 10.763092324832124 10.805595521959438
 101512 8192 67369.938 67506.075 97343.922 17.08553111307761 24.63737682867801 24.687162514532822 7.474919861971454 10.77885236254663 10.800633600108108
 111656 8192 74250.937 75358.868 108596.802 16.845541215845383 24.27546953067289 24.637694524986262 7.369924281932354 10.620517919669389 10.77899135468149
 122816 8192 81590.891 81784.964 118434.191 16.990172576093336 24.603756553588507 24.662279322332687 7.433200502040833 10.764143492194972 10.78974720352055
 135096 4096 44900.894 45412.064 66194.057 16.71912075127832 24.37031780806087 24.647759396505556 7.3146153286842654 10.662014041026634 10.78339473597118
 148600 4096 49552.917 50158.978 71975.946 16.91302813859508 24.269457802748693 24.566287389297386 7.399449810635348 10.617887788702554 10.747750732817606
 163456 4096 54318.19 54343.939 78872.204 16.977230051793658 24.63994286464954 24.651623185529562 7.4275381476597255 10.779975003284175 10.785085143669184
 179800 4096 59942.007 60230.97 88586.092 16.627007318485163 24.454555521851965 24.572443828916175 7.274315701837258 10.698868040810233 10.750444175150825
 197776 4096 65843.821 66414.118 96717.119 16.751749935810228 24.39512924044252 24.606424223162872 7.328890596916973 10.672869042693602 10.765310597633755
 217552 4096 72110.891 74363.947 105123.043 16.95333328583344 23.96572607960145 24.714518976058695 7.417083312552131 10.485005159825635 10.81260205202568
 239304 4096 79414.845 79643.011 113857.985 17.217750410741942 24.614568728447498 24.685288600638835 7.5327658046996 10.768873818695779 10.79981376277949
 263232 2048 43619.871 44359.922 63421.965 17.0003920881354 24.305684577173064 24.71805274252187 7.437671538559236 10.633737002513215 10.814148074853316
 289552 2048 48969.984 49341.917 70074.081 16.92501671195659 24.036459548176857 24.219019389510116 7.40469481148101 10.515951052327376 10.595820982910677
 318504 2048 55324.078 55575.132 78387.976 16.642761435758974 23.47439109996176 23.580915058358496 7.281208128144552 10.27004610623327 10.316650338031844
 350352 2048 61368.942 61727.047 85552.931 16.773730312056756 23.248184738207225 23.383844420847275 7.338507011524831 10.171080822965662 10.230431934120682
 385384 2048 68699.121 68885.803 94669.104 16.67421362728858 22.91521322615634 22.977482695884856 7.294968461938755 10.0254057864434 10.052648679449625
 423920 2048 75112.82 76689.005 104169.13 16.668818487780403 22.641789654201407 23.116910269112513 7.2926080884039255 9.905782973713116 10.113648242736724
 466312 2048 82574.129 83106.041 161767.006 11.807191090623263 22.98285334034863 23.130900381643748 5.165646102147678 10.054998336402525 10.11976891696914
 512936 2048 90658.903 103049.994 126386.881 16.623448884698718 20.388025020166424 23.174622529902 7.27275888705569 8.91976094632281 10.138897356832125
 564224 1024 50125.837 50440.073 69335.938 16.665682838241835 22.90898254647649 23.05259764540191 7.291236241730803 10.022679864083464 10.085511469863336
 620640 1024 54782.152 55545.092 76089.859 16.704863653381196 22.883582945546298 23.20227799740324 7.308377848354274 10.011567538676506 10.15099662386392
 682704 1024 60304.165 61053.991 83665.133 16.711594685446805 22.900678057229708 23.185426611909808 7.311322674882977 10.019046650037996 10.143624142710541
 750968 1024 66865.921 67908.049 93600.035 16.431430436965115 22.648014287673025 23.000991252330163 7.188750816172238 9.90850625085695 10.062933672894447
 826064 1024 73468.924 73742.867 101008.892 16.748813282695945 22.941596127527834 23.02713827685839 7.327605811179475 10.036948305793427 10.074372996125545
 908664 1024 80531.836 82220.078 110791.922 16.79674689640279 22.633691395914273 23.108176398710196 7.348576767176221 9.902239985712495 10.109827174435711
 999528 1024 88755.846 88925.123 122392.893 16.725099749051605 23.019741496449768 23.063645227380288 7.317231140210078 10.071136904696774 10.090344786978877
 1099480 512 48770.189 49695.015 67535.162 16.670834668316928 22.65554241205078 23.085158025530717 7.293490167388657 9.911799805272219 10.09975663616969
 1209424 512 53659.916 54171.085 95285.177 12.997301521515775 22.86183073497605 23.07961451150986 5.686319415663153 10.002050946552021 10.097331348785564
 1330360 512 59129.953 59527.874 116666.794 11.676747027093246 22.88488649871823 23.038892657330543 5.108576824353294 10.012137843189224 10.079515537582111
 1463392 512 65765.142 66620.111 90378.046 16.580502393247137 22.49340905481229 22.78583094977579 7.253969797045624 9.840866461480378 9.968801040526909
 1609728 512 71508.884 72818.995 106318.951 15.503929040834874 22.636421609499006 23.05114245664916 6.7829689553652575 9.903434454155816 10.084874824784007
 1770696 512 77982.903 79273.224 148462.057 12.213172447152607 22.872700421519376 23.251156782403957 5.343262945629266 10.006806434414727 10.17238109230173
 1947760 512 86455.107 87553.024 119734.049 16.65780332877576 22.780552274242403 23.069848725073 7.287788956339395 9.966491619981053 10.093058817219438
 2142536 256 47428.131 47995.09 65503.12 16.746964602602137 22.85605531732517 23.1292781071217 7.326797013638434 9.999524201329761 10.119059171865743
 2356784 256 52459.002 52600.145 72140.932 16.72661240362129 22.940495848443003 23.002218151233603 7.317892926584314 10.036466933693816 10.063470441164704
 2592456 256 57719.946 59275.866 79869.986 16.618726739228425 22.392544581297216 22.99616621262951 7.270692948412435 9.796738254317532 10.060822718025412
 2851696 256 64400.911 65155.983 88048.935 16.58246464877741 22.408814736169354 22.671548109001126 7.254828283840117 9.803856447074093 9.918802297687993
 3136864 256 72093.964 72757.959 172176.123 9.328089981443014 22.074208651180005 22.277515049664903 4.081039366881319 9.657466284891253 9.746412834228396
 3450544 256 80172.777 81041.098 107609.987 16.41742162834756 21.799785190472125 22.03589041202851 7.182621962402059 9.537406020831554 9.640702055262473
 3795592 256 88646.889 89540.958 119858.027 16.213708440236548 21.703398616753685 21.92229333620495 7.093497442603489 9.495236894829738 9.591003334589667
 4175144 256 98860.025 100994.11 133545.16 16.00712244457231 21.1663207686072 21.62323677340766 7.003116069500385 9.26026533626565 9.46016608836585
 4592656 128 56011.915 59101.105 74964.046 15.68378441046258 19.8933663930649 20.9905327464701 6.861655679577379 8.703347796965893 9.183358076580669
 5051920 128 63024.998 63521.147 82769.871 15.62514843112417 20.360015224536166 20.52029450282569 6.836002438616826 8.907506660734574 8.97762884498624
 5557112 128 70322.99 70862.055 91931.105 15.474856654883025 20.075916116178117 20.22980922739491 6.7702497865113225 8.783213300827926 8.850541536985274
 6112816 128 78300.953 79613.924 101691.961 15.38844251415311 19.655869443139117 19.98546423821943 6.732443599941986 8.599442881373363 8.743640604221
 6724096 128 86587.906 87005.854 113671.064 15.143419225846253 19.784514453475737 19.880011603468038 6.6252459113077355 8.655725073395635 8.697505076517267
 7396504 128 96049.07 101044.178 129343.987 14.639296869672032 18.739377779885547 19.713933971458548 6.404692380481515 8.198477778699926 8.624846112513115
 8136152 128 105645.895 109124.899 137591.839 15.137924800903345 19.08688971157719 19.71543628836691 6.622842100395213 8.350514248815019 8.625503376160522
 8949760 64 58268.07 59414.864 76923.847 14.892251553669697 19.280853356830033 19.660326487559995 6.515360054730492 8.435373343613138 8.601392838307499
 9844736 64 64544.201 65055.847 83808.184 15.035837168360551 19.369914713430752 19.52346126339065 6.578178761157742 8.474337687125956 8.541514302733411
 10829208 64 70948.124 73335.886 92374.802 15.005592369226406 18.90123239255608 19.53735413779228 6.564946661536553 8.269289171743285 8.547592435284125
 11912128 64 77960.968 78848.124 101710.796 14.991057429144492 19.33783971829184 19.557894458160142 6.558587625250715 8.46030487675268 8.556578825445062
 13103336 64 86222.887 91723.919 111383.915 15.058071966674902 18.285601250858022 19.452225115125177 6.587906485420269 7.999950547250385 8.510348487867264
 14413664 64 94809.055 95600.128 123296.976 14.963456946421784 19.29860378429619 19.459628534426383 6.546512414059531 8.443139155629584 8.513587483811543
 15855024 64 104490.995 109816.074 135492.086 14.978314467754226 18.480382680590093 19.422181519086884 6.553012579642473 8.085167422758165 8.497204414600512
 17440520 32 57775.974 57831.049 85558.891 13.045906357061128 19.30093434756821 19.319332980868484 5.7075840312142425 8.444158777061089 8.452208179129961
 19184568 32 63956.976 64397.812 83868.98 14.639648079659487 19.06605696479253 19.197473501561426 6.404846034851027 8.341399922096732 8.398894656933123
 21103024 32 69948.912 71539.164 90588.093 14.909172842395526 18.879079101343706 19.308285109566825 6.522763118548043 8.259597106837871 8.447374735435485
 23213320 32 76762.915 82039.833 99807.978 14.885107481087331 18.10891643331356 19.353778839691017 6.512234522975708 7.922650939574683 8.467278242364822
 25534648 32 84380.15 86428.881 109162.092 14.970558387613165 18.908233603070716 19.367321247947533 6.54961929458076 8.272352201343438 8.473203045977046
 28088112 32 93173.027 100091.934 122056.961 14.727870932326425 17.95988044351306 19.293557651615203 6.443443532892811 7.857447694036964 8.440931472581651
 30896920 32 102663.04 109161.139 133462.906 14.816123365394128 18.114531399310522 19.26109805437283 6.482053972359931 7.9251074871983525 8.426730398788113
 33986608 16 56596.994 60415.983 86588.86 12.560177556327684 18.001386421205794 19.21606394855529 5.495077680893362 7.875606559277535 8.40702797749294
 37385264 16 62370.062 63205.004 169323.921 7.065324503086602 18.927748948485156 19.18113289674139 3.091079470100388 8.280890164962255 8.391745642324357
 41123784 16 68820.0 70726.871 90399.981 14.5570947409823 18.606239317444143 19.121782737576282 6.368728949179756 8.140229701381813 8.365779947689624
 45236160 16 76282.978 78783.035 99798.203 14.504841535072531 18.373969979704384 18.97614851900512 6.345868171594233 8.03861186612067 8.30206497706474
 49759776 16 85767.984 86337.09 109364.986 14.559621778765644 18.44297545817215 18.56535221814238 6.36983452820997 8.068801762950317 8.122341595437291
 54735752 16 96019.983 98702.192 122561.932 14.291093779429 17.74574635586614 18.241453594091972 6.252353528500188 7.763764030691437 7.980635947415239
 60209320 16 109060.049 109871.149 137612.104 14.000935847910588 17.535979713837342 17.666398077631527 6.1254094334608835 7.671991124803838 7.729049158963793
 66230248 16 125623.941 129755.974 166141.033 12.756438898511004 16.33349024839504 16.87073275308247 5.580942018098564 7.145901983672829 7.380945579473581
 72853272 8 71640.968 73040.009 94661.951 12.31384246453995 15.959093761886036 16.270751003811114 5.387306078236228 6.98210352082514 7.118453564167362
 80138592 8 81864.834 84156.036 98354.816 13.036651626698175 15.236191400459974 15.662616160682619 5.703535086680453 6.66583373770124 6.852394570298647
 88152448 8 93558.073 94926.119 189402.819 7.446769670307811 14.858283292925943 15.075547440999557 3.257961730759667 6.5004989406551 6.595552005437306
 96967688 8 105394.84 106461.048 153421.164 10.11257487265577 14.573245681368833 14.720673308105027 4.4242515067868995 6.375794985598865 6.44029457229595
 106664456 8 118707.895 119847.775 138834.0 12.292603368051052 14.239991489203701 14.376729500594715 5.378013973522335 6.229996276526619 6.2898191565101875
 117330896 8 132041.931 133339.882 154684.782 12.13625743739937 14.079016029127727 14.217410498184853 5.309612628862224 6.1595695127433805 6.220117092955873
 129063984 8 146178.961 147995.949 199862.957 10.33219849739339 13.95324505807926 14.126682320583736 4.520336842609608 6.104544712909676 6.180423515255385
 141970376 4 80504.179 80789.089 93849.182 12.102002210312286 14.058371273378265 14.10812484653747 5.294625967011625 6.150537432102991 6.172304620360142
 156167408 4 88416.815 89024.067 101163.149 12.349746684931684 14.033724880261875 14.130109346282154 5.403014174657612 6.139754635114571 6.181922838998442
 171784144 4 97420.931 98587.99 172112.942 7.984717105120426 13.939559494011391 14.106549156258833 3.4933137334901865 6.098557278629983 6.171615255863239
 188962552 4 107167.959 107400.894 123529.911 12.237525339105929 14.07530570462477 14.105899096202812 5.353917335858844 6.157946245773337 6.17133085458873
 207858800 4 117774.963 118311.882 140522.957 11.833442986828125 14.054973785304169 14.11904837533254 5.177131306737304 6.149051031070574 6.177083664207985
 228644680 4 129443.884 129845.858 148234.129 12.33965114740884 14.087145082440752 14.130891189884258 5.3985973769913675 6.163125973567829 6.182264895574363
 251509144 4 141637.087 142796.993 165757.895 12.13862635019587 14.090444831705948 14.205835453252439 5.310649028210693 6.164569613871351 6.215053010797942
 276660056 2 78049.183 78422.07 89558.125 12.356670307691234 14.111336566351792 14.178754747503248 5.406043259614915 6.173709747778909 6.203205202032672
 304326056 2 85803.986 86070.061 114039.183 10.674438311260086 14.14317835791937 14.187035833043934 4.670066761176288 6.187640531589723 6.20682817695672
 334758656 2 94116.926 94582.081 108134.031 12.383100968463848 14.157381713773033 14.227351879299585 5.417606673702934 6.193854499775702 6.224466447193568
 368234520 2 103433.847 104161.978 140293.837 10.498950712995326 14.140842064270323 14.240387675032526 4.593290936935455 6.186618403118266 6.23016960782673
 405057968 2 113774.776 114270.926 153375.864 10.56379947760229 14.17886358950132 14.24069489708334 4.621662271451002 6.203252820406828 6.230304017473961
 445563760 2 124922.991 125569.82 144590.139 12.32625580365477 14.193339131966582 14.266829714315758 5.392736914098962 6.20958587023538 6.241738000013144
 490120136 2 137080.908 137732.983 162143.946 12.09098823831511 14.233922051916933 14.301630858762621 5.2898073542628605 6.227340897713658 6.256963500708647
 539132144 1 75575.113 75870.037 88305.95 12.210550795274838 14.211991065722032 14.267451879297884 5.342115972932741 6.217746091253389 6.242010197192824
 593045352 1 83224.058 83524.942 195087.91 6.079775543240993 14.200437325655372 14.251776860003629 2.6599018001679346 6.212691329974225 6.2351523762515875
 652349880 1 91122.15 91315.985 106652.021 12.233239912068802 14.287747758511284 14.318140649666411 5.352042461530101 6.250889644348687 6.264186534229054
 717584864 1 100270.033 101178.169 116250.992 12.345440699551192 14.184578967820617 14.313047328906334 5.401130306053647 6.20575329842152 6.261958206396521
 789343344 1 110404.015 110802.889 127086.878 12.422106143798732 14.247703306725152 14.299178231878614 5.434671437911946 6.2333701966922535 6.2558904764468934
 868277672 1 121073.961 121837.139 150938.988 11.50501515221501 14.253087016431007 14.342929971540288 5.033444129094067 6.235725569688566 6.275031862548876
 955105432 1 133386.85 133497.953 168555.975 11.332798282588321 14.308915013850436 14.32083345547181 4.958099248632391 6.260150318559566 6.265364636768917
 1050615968 1 146500.111 147028.923 203989.983 10.300662341836658 14.291282919891891 14.342869241921596 4.506539774553538 6.252436277452702 6.275005293340699
 
META_DATA
 FLOPS          7
 ERT_VERSION  1.1.0
 HOSTNAME  ('daniels-mbp-2.gha.chartermi.net', ['116.1.168.192.in-addr.arpa'], ['192.168.1.116'])
 UNAME  uname_result(system='Darwin', node='Daniels-MBP-2.gha.chartermi.net', release='21.6.0', version='Darwin Kernel Version 21.6.0: Mon Aug 22 20:17:10 PDT 2022; root:xnu-8020.140.49~2/RELEASE_X86_64', machine='x86_64', processor='i386')
 TIMESTAMP_DATA  1705796240.971748
 CONFIG  {'ERT_RESULTS': ['./'], 'ERT_DRIVER': ['driver1'], 'ERT_KERNEL': ['kernel1'], 'ERT_FLOPS': ['1-8'], 'ERT_ALIGN': ['32'], 'ERT_SPEC_GBYTES_L1': ['28.8'], 'ERT_SPEC_GBYTES_L2': ['115.2'], 'ERT_SPEC_GBYTES_L3': ['230.4'], 'ERT_CC': ['g++'], 'ERT_CFLAGS': ['-O3'], 'ERT_LD': ['g++'], 'ERT_LDFLAGS': [], 'ERT_LDLIBS': [], 'ERT_RUN': ['./ERT_CODE'], 'ERT_NUM_EXPERIMENTS': ['5'], 'ERT_MEMORY_MAX': ['1073741824'], 'ERT_WORKING_SET_MIN': ['8'], 'ERT_TRIALS_MIN': ['1'], 'ERT_GNUPLOT': ['gnuplot'], 'ERT_MPI': [False], 'ERT_OPENMP': [False], 'ERT_GPU': [False], 'ERT_HIP': [False], 'ERT_PRECISION': ['FP64'], 'ERT_OCL': [False], 'ERT_SYCL': [False], 'ERT_WSS_MULT': [1.1]}
 TIMESTAMP_DATA  1705796289.05618
 TIMESTAMP_DATA  1705796332.514574
 TIMESTAMP_DATA  1705796375.8877
 TIMESTAMP_DATA  1705796422.038691
 